0.813633	-0.290159
0.993438	-0.192235
0.980023	-0.169067
0.91847	-0.0472795
1.01178	-0.410926
0.78062	-0.172642
0.99568	-0.123409
0.666223	-0.123453
0.801877	-0.236876
1.10501	-0.409978
1.02698	-0.227907
0.958531	-0.300859
1.0678	-0.441897
1.0471	-0.361188
0.858885	-0.441671
1.86235	-1.73219
2.07173	-2.26437
1.62671	-1.26224
2.58649	-2.84713
2.37189	-2.4964
2.04125	-2.15551
2.12936	-2.36299
1.94192	-2.19189
2.63786	-3.26369
2.37364	-2.76953
2.10228	-2.2683
2.37026	-2.81791
2.34195	-2.87081
2.48538	-3.17409
2.60994	-3.27654
2.75073	-3.39621
2.76882	-3.53211
2.80641	-3.55568
2.5787	-3.19955
2.75542	-3.47577
2.5764	-3.2384
1.66428	-1.3994
1.90722	-1.46467
1.73156	-1.43879
1.60986	-1.50018
1.55662	-1.51274
1.95641	-2.12878
1.96701	-2.3102
1.41292	-1.55357
1.53779	-1.73698
1.24639	-1.29528
0.948122	-0.937581
0.564987	-0.539872
0.698215	-0.947582
0.996565	-1.44583
0.706314	-1.15441
0.284177	-0.809007
0.218183	-0.780353
0.20558	-0.843075
0.24438	-0.897054
0.267128	-0.921654
0.453406	-1.08784
0.960614	-1.49537
1.07992	-1.35005
0.908497	-1.01174
1.23573	-1.3961
1.61679	-1.97961
1.6334	-2.15442
1.93062	-2.6076
2.12192	-2.81185
2.21918	-2.95058
2.32859	-3.07096
1.791	-2.00617
1.77396	-1.49015
1.76807	-1.45515
1.40368	-0.904692
1.22897	-0.724183
1.19321	-0.702791
1.03762	-0.631053
0.862969	-0.694738
0.461677	-0.48572
0.0963045	-0.407833
-0.369632	-0.263942
-0.410531	-0.513217
-0.120662	-0.487866
0.0627296	-0.629093
0.0324919	-0.514681
0.225111	-0.481694
0.378834	-0.439165
0.333479	-0.305842
0.520199	-0.504325
0.855246	-0.860707
1.2518	-1.37555
1.52066	-1.63992
2.03195	-2.16293
1.73686	-1.84463
1.89528	-1.74647
1.93507	-1.80091
1.45693	-1.06651
0.205549	-0.265416
0.209095	-0.272032
0.206076	-0.277088
0.254282	-0.262345
0.201996	0.0119505
0.00337258	0.14322
0.0887276	-0.11293
0.533933	-0.562277
0.577732	-0.265859
0.836988	-0.54209
0.83743	-0.700055
2.36155	-2.56417
2.74713	-2.88389
2.1787	-2.18932
0.443948	-0.755352
0.803263	-0.875777
1.62314	-1.37886
2.33933	-2.50792
2.19091	-2.3901
2.02736	-1.86331
1.42776	-1.12464
0.891711	-0.928644
0.945406	-0.980519
0.566849	-0.246165
0.29651	0.104045
0.131546	0.156619
0.0500541	0.258015
0.253689	0.204279
0.689189	0.483098
0.893613	0.427779
0.874162	0.406165
0.802199	0.112782
0.877457	0.0920254
0.624899	-0.181519
0.614206	-0.367982
0.799188	-0.327467
0.971226	-0.419518
0.875739	-0.0933112
1.0055	-0.241235
0.833813	-0.277678
0.865098	-0.400116
0.717416	-0.327445
0.411581	-0.331458
1.01772	-0.701744
1.48106	-1.64998
1.56937	-1.79433
1.30542	-1.55545
1.10468	-0.838034
0.443473	-0.303447
0.621441	-0.457647
1.22589	-0.996411
1.07756	-0.818272
1.21843	-1.01839
1.33819	-1.16972
1.50867	-1.33469
1.46083	-1.30198
1.07409	-0.814762
1.06841	-0.708824
1.43017	-0.797369
1.46292	-0.560596
1.93554	-1.09608
2.08289	-1.17033
2.14938	-0.935703
2.08676	-1.08684
2.20641	-1.07015
2.16807	-0.807288
1.55893	-0.716216
1.6792	-1.07315
1.27238	-0.725726
1.38073	-0.979771
1.47406	-1.00736
1.67451	-1.31309
1.09216	-0.613506
0.746579	-0.484008
0.574081	-0.330268
0.873104	-0.752034
1.06613	-0.99612
1.42037	-1.52735
1.08739	-1.16015
1.23665	-1.48432
1.43691	-1.55584
1.69248	-1.58448
1.67243	-1.39609
1.83081	-1.46541
2.06903	-1.30778
1.39218	-0.684951
1.97807	-1.21126
2.98006	-2.46285
1.85945	-0.941275
1.48246	-0.852342
1.60293	-1.08687
2.56	-1.93045
2.03747	-1.24903
1.87729	-0.848723
1.87315	-1.31036
1.48712	-0.821043
1.54894	-1.01574
1.15379	-0.62893
1.29683	-0.818167
1.3337	-0.988733
1.18978	-0.589014
1.11304	-0.402061
0.994717	-0.22975
0.950397	-0.0387698
1.0803	-0.0807161
0.976732	-0.329408
1.15222	-0.565333
0.899928	-0.0873637
0.939546	-0.181662
0.972913	-0.216715
0.958273	0.0261165
0.610471	-0.283248
0.55987	0.18988
0.733349	0.0702155
1.0522	-0.232282
1.16019	-0.24376
1.02214	-0.452939
0.836802	-0.271409
0.930849	-0.586765
1.0228	-0.535186
1.02292	-0.238054
0.859861	0.0186253
0.857181	-0.200669
0.875669	-0.428018
0.531985	-0.624002
1.41448	-1.10241
1.12741	-0.661833
0.669503	-0.0959167
0.182984	0.276344
0.742382	0.172867
1.26148	-0.3803
1.28336	-0.696209
1.37562	-0.788396
1.36333	-0.920026
1.5919	-1.20882
1.34906	-0.96546
1.31126	-1.03452
1.40659	-1.30643
1.34915	-1.44179
1.15152	-1.34473
1.08802	-1.39531
1.24365	-1.74868
1.36127	-2.0114
1.34114	-2.13261
1.25337	-1.99814
0.908125	-1.59763
0.501605	-1.16178
0.512806	-1.07906
0.522139	-0.952869
0.644654	-0.885088
0.783845	-0.730553
0.852209	-0.591257
0.883724	-0.511932
0.856837	-0.436564
0.806817	-0.382195
0.886923	-0.489593
0.893137	-0.700776
1.33479	-1.25905
2.57276	-2.65455
2.8137	-2.39462
1.40077	-0.681405
1.56368	-1.325
2.06875	-1.68827
2.7313	-2.42857
1.5712	-1.01043
2.02117	-1.47943
2.39939	-2.18278
1.94379	-1.62254
1.66803	-1.27601
1.48025	-1.06456
1.27654	-0.837579
1.34043	-0.935922
1.14547	-0.601443
1.1304	-0.542161
1.21177	-0.579823
1.23987	-0.561618
1.33178	-0.615938
1.59396	-0.958904
1.91826	-1.50591
1.62491	-1.14404
1.52527	-1.18495
1.54093	-1.35269
1.51995	-1.49555
2.12354	-2.43281
2.24582	-2.74373
2.06466	-2.42813
2.1077	-2.51623
2.42322	-2.99887
2.08698	-2.40993
2.31306	-2.78169
1.9583	-1.64913
1.23596	-0.613749
1.27523	-0.798966
1.60145	-1.34245
2.09896	-2.15404
2.02938	-2.34945
2.49449	-3.141
2.48547	-3.04826
2.43806	-3.00638
1.91907	-2.1159
2.0009	-2.06558
2.02218	-2.05891
2.16276	-2.17337
1.1557	-1.0589
0.959692	-0.826777
1.00399	-0.656474
1.00805	-0.684684
0.990036	-0.415415
1.0283	-0.255454
0.647652	-0.455571
2.20111	-1.98217
1.76391	-1.2796
2.20519	-1.66333
3.29526	-3.53273
2.85885	-2.41799
1.66721	-1.08226
1.39444	-0.878007
1.48847	-1.03365
1.00458	-0.86274
1.13235	-0.599332
0.907164	-0.611824
1.08855	-0.515177
1.50928	-0.689976
0.799833	-0.225515
0.689414	-0.129162
0.720037	-0.170865
0.985866	-0.383796
1.00615	-0.420978
1.08845	-0.614755
0.916653	-0.760783
0.865153	-0.568851
0.890338	-0.32188
0.929502	-0.412668
0.816566	-0.293375
1.1498	-0.827915
1.76642	-1.20701
1.39925	-0.536459
1.90523	-1.54729
0.870792	-0.358084
0.689757	-0.598587
-0.385839	-0.128244
-0.226939	-0.251438
0.174472	-0.0838511
0.517906	0.230948
0.991321	0.56281
0.786327	0.290213
0.965032	0.520662
0.899983	0.415548
0.676422	0.126206
0.310452	-0.286638
0.837441	-0.898903
0.557803	-0.878367
0.954787	-1.11106
0.97075	-0.781615
0.873421	-0.853586
0.572889	-0.517859
-0.36429	-0.0207491
-0.42395	-0.0112592
0.156226	0.354993
0.33295	0.188364
0.477275	0.0837461
0.735669	-0.0882695
0.53522	0.0557127
0.436012	-0.00356501
0.475459	-0.111779
0.962471	-0.796505
0.862043	-0.578559
0.87419	-0.763962
2.20276	-1.7466
3.02938	-2.6719
3.53415	-3.57942
3.46532	-4.11097
2.38757	-2.84752
2.40956	-2.8898
2.39309	-2.70714
1.70349	-1.61356
0.932383	-1.06791
0.354173	-0.819884
0.157607	-0.896216
0.334671	-1.06702
1.32791	-1.60951
1.96427	-2.16119
2.71963	-3.32478
2.14389	-2.43993
1.81147	-2.03655
1.79492	-1.92814
1.57587	-1.50477
1.24888	-0.956366
1.22296	-1.11708
1.03171	-0.711548
0.916165	-0.671969
1.18787	-0.538889
1.26886	-0.733733
1.23008	-0.272367
1.07802	-0.440741
1.87907	-1.69967
2.47375	-2.87525
2.20222	-2.13296
2.53115	-2.20612
2.6928	-2.24292
1.99409	-1.31978
1.26431	-1.09194
1.19973	-0.917823
0.57384	0.204225
0.332339	-0.0375948
0.88325	-0.488751
1.04532	-0.784966
1.21757	-0.887924
1.13874	-0.720574
1.0032	-0.482672
1.50357	-1.11214
0.863802	-0.385216
1.81589	-1.25146
2.3948	-1.89559
2.7425	-2.54598
2.28549	-1.91118
2.40161	-2.14751
2.03862	-1.59685
2.10393	-1.66641
2.18788	-1.83844
2.46153	-2.33069
2.62453	-2.60736
2.29822	-2.69882
2.48705	-3.11006
2.05965	-2.2427
2.09223	-2.03247
1.73732	-1.27002
2.16174	-1.7636
1.71882	-1.03087
1.60796	-1.19537
1.08742	-0.981612
1.16161	-0.824575
1.04451	-0.817211
0.908829	-0.550493
0.871566	-0.780898
0.966179	-0.726674
0.842748	-0.202014
1.00021	-0.098503
1.08869	-0.323601
0.932949	-0.198157
0.865153	0.0240719
0.944726	-0.124818
0.873498	-0.0546815
0.981217	-0.206371
0.849951	-0.298427
0.956874	-0.361544
0.780893	-0.127211
0.372356	-0.227799
0.642816	-0.245152
0.980373	-0.974863
0.795386	-0.922091
0.828177	-0.871126
0.440025	-0.532895
-0.0637166	-0.207155
-0.162565	0.0625661
-0.0304068	0.0712603
0.186832	0.177616
0.278832	0.573724
0.485023	0.566745
0.758836	0.261654
0.60367	0.161843
0.49892	0.0160494
0.660985	-0.148143
0.411537	-0.04336
0.753424	0.143407
0.674714	0.0833887
0.703831	-0.00842979
0.945213	-0.544355
2.21664	-1.67573
2.03943	-1.41239
2.05524	-1.35162
2.00801	-1.29155
1.93013	-1.18234
1.76808	-1.01045
0.0779482	-0.0805129
-0.314474	0.223909
0.192363	0.303797
0.37354	0.444581
0.168503	0.331385
0.446049	0.508004
0.175134	0.0403714
0.228432	-0.357527
0.793472	-0.618591
1.2693	-1.1995
0.833029	-0.622488
1.34231	-1.1539
2.12212	-2.35159
2.12904	-2.30613
2.31181	-2.42127
2.04315	-2.01314
1.77494	-1.53277
1.80914	-1.32338
1.89303	-1.45333
2.03078	-1.59386
2.34453	-1.8264
2.18597	-1.43883
1.85382	-0.969977
1.9402	-1.07972
1.70642	-0.766514
1.5103	-0.494756
1.66601	-0.767235
1.11201	-0.689132
0.661902	-0.154026
1.1963	-0.582455
0.983195	-0.0919955
1.57259	-0.95936
2.50705	-2.52193
2.64561	-2.63058
2.4821	-2.45571
2.07936	-1.83353
1.84715	-1.4023
1.80554	-1.34438
2.19805	-1.75417
1.49144	-1.01834
1.27769	-0.901308
0.631313	-0.560695
0.810371	-0.160052
1.01229	0.0118328
1.07186	0.123483
1.08015	0.112133
1.14962	0.229211
1.09898	0.211802
0.904987	-0.481778
1.14696	-0.531525
1.07994	-1.45901
0.900957	-1.36055
1.03556	-1.40748
1.08898	-1.3311
1.06393	-1.26767
1.24869	-1.28319
1.52141	-1.34485
1.55419	-1.16279
1.41103	-0.710526
1.75106	-1.11761
1.65393	-1.141
2.02486	-1.38396
1.78648	-1.44406
1.46527	-1.03599
1.53386	-1.11189
1.82163	-1.69784
2.10139	-2.3503
2.02477	-2.26609
1.27197	-0.706488
0.819223	-0.919798
0.661355	-0.767006
0.749914	-1.03826
2.19409	-1.94688
2.08646	-1.82773
2.15185	-1.85221
1.98333	-1.78084
2.44286	-2.41518
2.16716	-2.12514
1.95764	-1.87609
1.67398	-1.59267
1.43047	-1.48175
0.940799	-1.10189
0.436239	-0.867796
0.202757	-0.854094
0.131451	-0.989058
0.268717	-1.17888
0.539172	-1.40138
0.893234	-1.64906
0.995876	-1.54062
0.827649	-1.3144
0.975038	-1.35653
1.12921	-1.52849
1.05174	-1.22461
0.950415	-1.00407
1.05187	-1.23381
0.807399	-0.898944
0.13557	-0.344158
0.204709	-0.153702
0.395708	0.393341
0.589083	0.461174
0.536456	0.391155
0.547584	0.729717
0.738391	0.785859
0.726647	0.729729
0.711406	0.744526
0.425488	0.218257
0.270626	0.269943
0.320608	0.0222986
0.857187	-0.409082
1.87139	-1.56407
2.18083	-1.62784
2.166	-1.67194
1.93686	-1.503
1.90761	-1.43867
2.27839	-1.9112
2.47924	-2.08905
2.99425	-3.02396
3.07368	-3.13828
3.2197	-3.19505
3.58394	-3.43384
2.76384	-2.29948
2.56265	-2.03908
2.07601	-1.45398
1.98796	-1.3457
1.11342	-0.676418
0.69557	-0.303173
0.856502	-0.472449
0.967723	-0.760734
1.39357	-1.11396
1.09431	-0.686628
1.05165	-0.670778
1.05947	-0.550494
0.869432	-0.193106
1.03228	-0.41765
1.0766	-0.237816
1.05055	-0.291229
1.09192	-0.0460067
0.722194	-0.26898
1.04215	-0.401152
1.01275	-0.362078
0.995836	0.111495
1.14915	-0.295573
1.0395	-0.199688
0.84035	-0.158486
0.948058	-0.304325
1.31902	-0.834085
1.12826	-0.826309
1.38584	-1.01301
1.13135	-1.03331
1.18477	-1.10316
1.60683	-1.53197
1.43439	-1.12845
0.794132	-0.729627
0.7522	-0.892359
0.95214	-1.25086
0.657945	-1.19773
0.705381	-0.996904
0.707003	-1.00582
0.403357	-0.872411
0.0532533	-0.523419
0.0496276	-0.47858
0.180086	-0.344533
0.250641	-0.247761
0.396991	-0.00342015
0.476933	0.324618
0.631839	0.438105
0.40941	0.38697
0.558547	0.391704
0.505369	0.413781
0.677886	0.492146
0.421289	0.162128
0.457938	-0.401096
1.3665	-1.5053
1.9157	-2.02206
1.89204	-1.96588
2.34565	-2.77853
2.21662	-2.61783
1.9786	-2.24769
2.0934	-2.49063
1.89894	-2.2122
1.9908	-2.37267
2.44234	-2.89616
2.55232	-2.97451
2.4896	-2.66984
2.62168	-2.95321
2.57826	-2.94207
2.21026	-2.36755
2.49209	-2.84318
2.37374	-2.73823
2.40718	-2.8652
2.21211	-2.62116
0.618282	-0.750087
-0.186863	-0.605418
0.0672613	-0.603175
0.339876	-0.406224
0.190044	-0.553695
0.224838	-0.850593
0.349188	-0.423785
0.232258	-0.294293
0.0555313	-0.574939
-0.133169	-0.297665
-0.0672325	0.0283284
1.0178	-0.830481
1.71296	-1.59663
1.93308	-1.75236
2.14681	-1.9636
2.30423	-2.05596
2.61971	-2.33533
2.57513	-1.96722
2.60068	-1.81988
1.8944	-1.0638
0.673096	-0.558179
0.581698	0.0262491
0.855409	0.154151
1.14488	0.457922
1.09109	0.123841
0.90865	0.197593
0.858582	0.388892
0.812669	0.0855208
1.00686	-1.02472
0.652367	-0.821263
0.381527	-0.666174
0.328949	-0.6544
0.408574	-0.721644
0.407817	-0.944395
0.724557	-0.588668
0.941216	-0.685576
0.853206	-0.682279
0.796295	-0.495157
0.829864	-0.283227
0.920706	-0.316634
0.927223	-0.518087
1.63565	-1.13385
1.96917	-1.24461
2.42217	-1.83104
2.53306	-1.95568
2.19024	-1.55794
3.27637	-3.9644
2.91888	-3.68573
2.45569	-3.00291
2.58267	-3.12086
2.75605	-3.40085
2.50113	-3.08006
2.36425	-2.88624
2.3256	-2.8352
2.1337	-2.31592
2.09827	-2.25401
2.31017	-2.405
1.56023	-1.33805
1.87363	-1.76727
1.5356	-1.1968
1.8973	-1.79795
2.14477	-2.10621
1.8138	-1.98062
1.86876	-2.1068
1.49636	-1.69289
1.18406	-1.12375
1.38979	-1.26485
1.32551	-1.07783
1.19905	-1.027
1.26255	-0.968759
0.840697	-0.736157
1.08181	-0.814795
0.854515	-0.625562
1.47774	0.715646
1.37733	0.246864
0.443167	0.169383
0.0654109	0.105052
0.162886	-0.264944
0.203281	-0.674305
0.562518	-0.860391
0.904967	-1.06374
1.96416	-2.26157
1.66749	-1.87571
1.4826	-1.62176
1.04092	-0.984592
0.654374	-0.766168
0.877503	-0.84985
0.902717	-0.711199
0.895469	-0.566489
0.965144	-0.665969
0.999843	-0.737662
1.07078	-0.470575
1.00106	-0.636555
0.877864	-0.413161
0.947117	-0.280075
0.900995	-0.499756
0.844938	-0.437662
1.64048	-1.25459
1.69943	-1.00544
2.22593	-1.8358
2.47989	-2.33929
2.88372	-2.83132
2.60841	-2.10046
1.55757	-0.99966
0.476157	-0.0795281
0.124198	-0.10268
0.340496	0.18163
0.439861	0.398546
0.412595	0.364612
0.40588	0.107713
0.59627	-0.0390523
0.668107	-0.123995
0.531638	0.129104
0.330888	0.238666
0.413412	0.542426
0.256175	0.130096
0.346011	0.128073
0.337697	0.0894967
0.193832	-0.153459
1.93825	-2.18868
1.95978	-2.05149
1.21142	-0.825568
1.345	-1.29096
2.44456	-2.3072
3.21605	-3.64319
2.87867	-2.71277
2.29564	-1.89893
1.67437	-1.04666
1.62574	-0.74211
1.60358	-0.587441
1.96772	-1.40892
2.16035	-1.7858
2.15495	-1.82203
2.04411	-1.5925
2.39908	-2.04063
2.2945	-1.8471
2.06067	-1.49431
2.2745	-1.69634
2.48527	-1.9741
2.31533	-1.93302
2.5351	-1.93186
2.55341	-2.30997
2.6222	-2.29634
2.59414	-2.00548
2.70863	-2.1882
2.69857	-2.3316
2.65381	-2.53193
2.45207	-2.33904
2.02222	-1.67792
1.40861	-0.970946
1.09196	-0.457203
0.790734	-0.160675
0.695709	-0.164328
0.829831	-0.332867
1.08849	-0.749589
1.07691	-0.417913
0.654476	-0.0397311
0.657955	0.011633
0.797552	-0.0253781
0.651379	0.425808
0.478855	0.44546
0.402758	0.48471
0.420935	0.305315
0.425006	0.631921
0.19753	0.542502
0.380435	0.531936
0.382022	0.6581
0.412245	0.758288
0.176392	0.46508
0.0854841	0.130506
-0.0633997	0.224554
0.160705	0.636148
0.294809	0.587179
0.233468	0.367788
0.585701	0.183614
0.799258	0.100544
0.816141	0.212528
0.841337	-0.047521
0.991826	-0.323793
0.701312	-0.0855808
0.681211	-0.0566142
0.905911	-0.232086
1.05642	-0.315295
0.819851	-0.00842071
0.955017	-0.271069
0.958043	-0.17878
0.53704	-0.272793
0.896864	-0.183887
0.798942	-0.0246297
1.00476	-0.453418
1.00582	-0.25806
0.981047	-0.121606
0.850035	-0.198481
0.855306	-0.165292
1.05308	-0.359858
1.12342	-0.30758
0.962993	-0.283487
0.899363	-0.795099
1.13465	-0.747155
1.30898	-1.25608
1.37878	-1.28594
0.127073	-0.184828
0.338141	-0.151201
1.31762	-0.828329
1.14945	-0.602639
1.05556	-0.357244
0.788104	0.0213426
0.837708	-0.0651465
0.484611	0.183293
0.511353	-0.0058123
0.539185	-0.342469
0.314118	-0.0674276
0.221495	-0.105763
0.193413	-0.0550031
0.239199	-0.0318854
0.173465	0.230309
0.142861	0.132492
0.133193	0.154007
0.234126	0.299361
0.213698	0.107218
0.568041	-0.0993076
1.16166	-0.512346
1.59592	-0.898578
1.50287	-0.510131
1.67449	-0.707281
1.8905	-0.998083
2.3402	-1.77483
2.79147	-2.45555
2.28694	-1.60622
3.02527	-2.7039
2.39964	-1.77525
2.48555	-2.43524
2.13056	-2.26015
1.75641	-1.70255
2.11977	-2.13982
1.91658	-1.91563
1.61915	-1.34942
0.556078	-0.0698455
-0.450053	-0.023902
-0.471071	-0.402127
-0.286398	-0.409036
-0.431673	-0.0805404
-0.203549	0.420494
0.286695	0.103283
0.726025	-0.149047
0.598024	0.129123
1.03714	-0.454921
1.06247	-0.406413
1.03816	-0.594783
1.28832	-0.923124
0.976776	-0.694735
0.554135	-0.366226
0.16854	-0.111497
-0.00344724	0.0795987
0.204949	0.474619
0.0965348	0.492923
0.213356	0.416818
0.853686	1.03892
0.427964	0.510063
0.420623	-0.0183122
0.278579	-0.343758
0.386081	-0.163218
0.655224	-0.0263131
0.685689	-0.323175
0.674475	-0.0911522
0.486979	0.0427634
0.886539	-0.846843
0.976024	-0.929158
1.98337	-2.15675
1.44808	-1.71357
1.1576	-1.37329
1.35962	-1.54543
1.88333	-2.08745
1.42399	-1.28091
0.988126	-0.75776
0.754912	-0.51959
0.637761	-0.558404
0.510786	-0.398078
0.528443	-0.466573
0.719051	-0.792475
0.306171	-0.40972
0.347361	-0.272861
0.0826424	-0.093087
-0.0235606	-0.0565466
-0.201402	-0.205913
0.387625	-0.624964
0.930256	-1.24541
0.766463	-1.04445
1.15539	-1.14523
1.33366	-1.13823
2.18292	-1.76472
2.06729	-1.50443
2.07534	-1.48961
2.25224	-1.48556
2.46024	-1.53983
2.87704	-2.20398
3.27344	-2.73486
2.61046	-1.93123
3.49227	-2.95631
2.67749	-1.62395
1.9082	-0.997379
1.91019	-1.22707
1.62432	-0.791089
1.45556	-0.608877
1.47696	-0.82702
1.48086	-0.848753
1.91432	-1.46893
2.19879	-1.52212
2.27695	-1.6077
2.59754	-2.15177
2.57907	-2.06021
3.0179	-2.84954
2.5051	-2.21774
2.11263	-1.98156
2.84667	-3.32137
2.43156	-2.51699
2.14085	-1.93924
2.22187	-1.7181
1.45634	-1.06413
1.20945	-0.701068
1.69683	-1.4252
1.95262	-2.02341
2.07679	-2.36222
2.23764	-2.421
2.46837	-2.6587
2.59945	-2.70931
1.7799	-1.49431
2.31532	-2.17437
2.09078	-1.76223
2.44495	-1.77212
2.86515	-2.34985
2.70096	-2.57863
2.20272	-1.81083
1.86337	-1.29011
1.72013	-1.03212
1.75483	-1.15465
1.26127	-0.61251
0.697178	-0.352277
0.835545	-0.264265
1.14007	-0.704977
1.16764	-0.490024
1.28104	-0.645615
1.08741	-0.479811
1.30135	-0.602812
0.932715	-0.162784
1.04294	-0.406386
1.20256	-0.214534
0.835626	-0.152428
1.1684	-0.420245
1.39835	-0.660733
1.18425	-0.158469
0.916745	-0.225713
1.19191	-0.454781
0.825869	-0.105642
1.29915	-0.761741
1.12193	-0.379281
0.94265	-0.0496101
1.12405	-0.0816335
1.12942	-0.327416
1.1011	-0.278458
1.10228	-0.197621
0.925996	-0.135267
1.09528	-0.229026
0.857966	-0.350205
1.15553	-0.152107
0.905105	-0.133551
0.4405	0.163686
0.785876	-0.217505
1.65277	-1.08805
1.52186	-0.855216
1.20523	-0.573873
1.68757	-0.89794
1.65913	-0.94634
1.69035	-1.05293
1.46587	-0.880394
1.73592	-1.27184
1.49903	-0.930831
1.37544	-0.989729
2.09211	-2.63578
1.9404	-2.42128
2.13367	-2.79376
2.22544	-2.98729
2.0305	-2.63764
2.09872	-2.73974
2.06227	-2.53429
1.97835	-2.38014
1.16589	-1.1435
1.42533	-1.09101
1.2492	-0.851556
0.964384	-0.809555
0.769247	-0.813397
1.42168	-1.52158
1.88078	-2.05748
1.72231	-1.72246
1.6306	-1.41105
1.78075	-1.39443
1.77732	-1.25431
1.93356	-1.41772
1.63734	-1.0102
1.59874	-0.951602
1.38101	-0.674429
1.44379	-0.769423
1.5927	-0.96883
2.1203	-1.77641
1.51079	-1.05434
1.53807	-0.946111
1.36172	-1.06278
1.1457	-0.775477
1.09711	-0.555382
1.16836	-0.400471
1.16287	-0.567375
1.01175	-0.423109
1.06013	-0.37238
0.737047	-0.206124
1.86348	-1.87847
2.50587	-2.59172
2.54423	-3.21481
1.292	-1.31865
2.2943	-2.61681
1.8512	-1.84433
1.9194	-1.52972
2.22176	-1.90438
2.16661	-1.57815
2.36171	-2.16545
2.14828	-1.89251
3.56136	-3.69896
2.78079	-2.35251
2.63875	-1.9023
2.39064	-1.70693
2.29168	-1.8535
1.81181	-1.28251
2.27122	-1.86744
1.48371	-1.10092
1.27311	-0.799709
1.29374	-0.606612
1.21292	-0.6671
0.859996	-0.396383
0.986515	-0.518647
0.887809	-0.446886
0.633458	-0.31739
0.40874	-0.210093
0.583725	-0.0893181
0.615789	-0.329231
0.405672	-0.682752
0.238957	-0.908555
0.195984	-0.800115
0.321854	-0.473205
0.534671	-0.659363
0.74374	-0.786027
1.16082	-1.26472
0.857017	-0.809205
0.696648	-0.509184
0.727833	-0.482301
0.729676	-0.414324
1.01915	-0.670807
1.56644	-1.25912
2.21919	-1.93314
2.01374	-1.38739
2.11336	-1.5607
1.79138	-1.35246
2.02727	-1.8278
1.66297	-1.47478
1.49682	-1.28999
0.572647	-0.527321
0.351775	-0.216744
0.515661	0.0290717
0.550243	0.338333
0.580667	0.377119
0.400677	0.583529
0.552518	0.493024
0.591434	0.596205
0.383833	0.383046
0.515799	0.166142
0.977939	-0.345622
1.18217	-0.852344
1.69149	-1.45048
1.50008	-1.05278
1.3241	-0.86914
1.512	-0.978095
1.79186	-1.46283
1.86185	-1.53568
1.65577	-1.49902
0.300219	-0.567982
-0.225141	0.0220015
0.11743	0.0223102
0.915838	-0.116189
1.24032	-0.633636
1.20611	-0.955449
1.14177	-0.714515
1.02786	-0.660024
0.793759	-0.152526
1.10456	-0.655305
1.01952	-0.481399
1.03054	-0.396107
1.17135	-0.476797
1.2309	-0.575855
1.23705	-0.627018
1.38188	-1.03412
1.5479	-1.19231
1.43906	-0.827203
1.61801	-0.902735
2.12982	-1.39577
2.49108	-1.86867
2.32508	-1.62967
2.39146	-1.63179
2.218	-1.25017
2.49414	-1.7987
2.61003	-2.13681
2.92516	-2.72464
2.26253	-1.8549
0.975866	-0.695431
0.141867	-0.218017
-0.250477	-0.19824
0.165076	-0.262349
0.946457	-0.914267
0.913064	-1.0674
0.55184	-0.923062
0.451541	-0.948084
0.340732	-1.05854
0.129625	-0.796511
-0.220243	-0.764801
-0.105868	-0.7053
0.262127	-0.986459
0.349529	-1.01988
0.268242	-0.702523
0.894456	-0.782551
0.626909	-0.280768
0.703111	-0.202025
0.729581	-0.145353
1.10708	-0.600311
1.0758	-0.523857
1.16164	-0.387252
0.835181	-0.242182
1.01431	-0.108574
0.863081	-0.106827
0.97856	-0.0793738
1.08455	-0.25031
1.01362	-0.270883
1.02084	-0.458144
0.845119	-0.246108
0.631372	-0.130736
0.433104	-0.0985168
0.672624	-0.238352
0.871778	-0.271179
1.07853	-0.753656
0.968477	-0.399916
0.836979	0.10243
0.963908	-0.299097
1.0416	-0.336022
1.24597	-0.523625
0.952774	-0.181534
0.896932	-0.0904494
0.954046	-0.0340706
1.02394	0.0634876
1.04997	-0.0729335
0.855756	-0.050357
0.828742	-0.48294
0.877483	-0.132123
1.00151	-0.123489
0.863572	-0.136826
0.905441	-0.0863299
1.03181	-0.28775
0.903962	-0.129817
1.04329	-0.274201
0.957206	-0.712605
0.959104	-0.786665
1.33513	-1.08709
1.83247	-1.7071
1.66343	-1.12542
2.20743	-2.19445
2.45339	-2.4436
2.363	-2.22699
1.85575	-1.60577
1.69682	-1.48211
2.02735	-2.04881
2.04739	-2.1269
1.46738	-1.19814
1.34446	-1.2061
1.14287	-0.798134
1.54109	-1.31029
1.36525	-0.831803
1.17039	-0.205384
1.10236	-0.266459
1.17521	-1.5722
1.04036	-1.27608
0.649071	-0.857361
0.668979	-0.830989
0.771634	-0.877424
0.833694	-0.677767
1.14518	-0.663088
0.91482	-0.274604
0.978409	-0.603644
0.993594	-0.844108
0.697064	-0.792861
0.652574	-0.445459
0.857346	-0.544004
1.09793	-0.739635
1.10544	-0.941824
1.59266	-1.3656
1.21555	-0.887624
1.25971	-0.939762
1.22251	-0.932239
0.99961	-0.676094
0.962877	-0.647151
1.10154	-0.995227
0.327963	-0.318471
-0.159339	-0.0874876
-0.26987	-0.173061
-0.154788	-0.103434
0.0423719	-0.0563688
0.990922	-0.688905
0.260314	-0.0859286
0.357042	-0.571125
0.536756	-0.673314
1.05317	-0.932589
0.989206	-0.520592
0.873646	-0.197545
0.934065	-0.46306
0.20589	-0.526346
0.650147	-0.383625
0.980743	-0.640433
1.44228	-1.24132
1.92535	-2.00582
1.71734	-1.77818
1.56438	-1.49423
1.63633	-1.43065
1.98968	-1.80126
2.04041	-1.90902
1.70312	-1.48811
0.539481	-0.509314
0.478803	-0.542005
0.237923	-0.414091
0.163898	-0.0185052
0.115625	0.173064
0.133713	0.335615
0.407753	0.331291
0.564168	0.608142
0.464082	0.259258
0.432739	0.129261
0.714807	0.0487124
0.380958	-0.280669
0.644212	-1.10337
0.681649	-1.26867
0.391807	-0.850052
0.399458	-0.951763
0.484956	-1.13922
0.514406	-1.15626
0.489377	-1.23766
0.594794	-1.23061
0.864802	-1.49904
0.770781	-1.36165
0.899854	-1.4119
1.03059	-1.42682
1.08377	-1.28659
1.12453	-1.24255
0.974763	-0.963874
1.03433	-0.941552
1.07739	-0.920023
1.14447	-0.927905
1.19583	-0.941103
1.23286	-0.916901
1.35656	-1.00822
1.85765	-2.09286
2.82357	-3.69303
2.57402	-3.20916
1.96978	-2.26095
2.53028	-3.07713
2.3669	-2.77454
2.40566	-2.74148
2.60236	-3.20396
2.9743	-3.70329
2.5432	-2.8843
2.79833	-3.25453
3.02346	-3.77933
1.82169	-1.95056
1.63049	-1.5031
1.89644	-1.80514
1.52919	-1.19082
1.62339	-1.26953
1.54865	-1.0348
1.22067	-0.789954
0.51868	-0.213081
0.184865	-0.107904
-0.207064	0.0485289
-0.207406	0.0335588
-0.193274	0.0936209
0.0882178	-0.149224
-0.072176	-0.0193485
0.821986	-0.69935
1.13969	-0.946421
1.30616	-1.30819
1.22994	-1.32508
1.38861	-1.49731
1.37356	-1.39374
1.25808	-0.949343
-0.125497	-0.282995
-0.137041	-0.513605
0.601685	-0.555345
1.29084	-0.998803
1.4613	-1.15751
1.24986	-0.867055
1.32495	-0.852768
1.15807	-0.494568
1.57487	-0.860287
1.53168	-1.04227
1.49803	-1.01597
1.52046	-0.936008
1.62509	-1.00753
1.62196	-1.00906
1.493	-0.924091
1.64256	-0.955282
1.65385	-1.06727
1.62317	-1.00313
1.5716	-1.05936
1.47451	-1.07433
1.58858	-1.29386
1.77711	-1.50352
1.99233	-1.7384
1.9651	-1.75023
2.43532	-2.25632
2.25349	-1.7767
2.01135	-1.49612
1.84967	-1.64375
0.304957	-0.270345
0.139112	-0.284253
-0.0468151	-0.0882116
-0.158572	0.258154
0.39805	0.329796
0.488997	0.251547
0.494091	0.501487
0.614997	0.320684
0.53093	0.347821
0.719982	-0.429599
0.997572	-0.487701
1.95413	-1.27436
1.80851	-1.19347
1.96975	-1.36826
1.5138	-0.813662
1.59604	-0.986078
1.12888	-0.429502
1.18202	-0.590153
1.10905	-0.580878
0.858391	-0.341638
0.997598	-0.419343
0.75694	-0.40948
0.969031	-0.660764
0.987104	-0.649783
0.760624	-0.393524
1.01052	-0.36185
0.949266	-0.415882
0.728193	0.0055255
0.532487	0.107419
0.337403	-0.589973
0.477228	-0.648422
0.493357	-0.730939
1.12514	-1.24676
1.73703	-1.63276
2.02306	-2.19804
2.24272	-2.37007
2.4227	-2.64924
2.00352	-2.01342
2.04568	-1.89413
1.67141	-1.30909
1.50402	-1.42303
0.601793	-0.806696
0.102973	-0.173003
0.027022	0.124225
0.212985	0.347938
0.440162	0.159702
0.40624	0.0821096
0.535289	0.271327
0.643777	0.424676
0.573184	0.15329
0.572344	0.231
0.578691	-0.119231
0.76445	-0.172159
0.712034	-0.618823
0.575962	-0.605263
1.42876	-1.09414
0.465182	-0.325319
0.378691	-0.407147
0.28607	-0.542558
-0.3339	-0.393341
1.22409	-1.29215
1.22095	-1.29716
1.31326	-1.38549
0.94964	-0.871406
0.853713	-0.719298
0.0875119	-0.148467
-0.198497	0.0274384
0.0113722	0.0582494
0.202834	0.439789
0.258165	0.303749
0.150237	0.27871
0.229984	0.453313
0.216358	0.327203
0.499364	0.112933
1.21865	-0.666619
1.21466	-0.563546
1.19956	-0.660376
1.61445	-1.18424
2.25113	-2.0804
2.20352	-1.65095
2.58634	-2.4068
2.65409	-2.43256
2.9275	-2.58383
2.84816	-2.38572
1.85992	-1.53356
1.00932	-0.72398
2.74429	-2.58996
3.41956	-3.83889
2.05512	-1.83236
1.88549	-1.68254
2.22695	-2.54937
2.2795	-2.71123
1.8113	-1.88569
1.72689	-1.80555
1.54977	-1.33166
1.52523	-1.26355
1.0141	-0.626128
1.17389	-0.825967
0.705678	-0.418561
1.26473	-0.978312
1.08885	-0.946613
0.57902	-0.523619
0.713055	-0.373655
0.109667	0.0983166
-0.0176727	0.213601
0.451717	0.517359
0.560857	0.575609
0.461778	0.162258
0.417377	0.356394
0.448373	0.319458
0.465175	0.382158
0.32782	0.0297638
0.582544	0.260938
0.471737	0.217889
0.536565	0.213937
0.435337	0.375635
1.02787	-0.677663
0.955429	-0.0837073
0.944538	-0.224814
0.902712	-0.047754
1.05748	-0.252191
0.987631	-0.306539
0.869594	-0.134623
0.773556	-0.0740135
0.949024	-0.145978
0.970889	-0.169245
0.963468	-0.0839633
1.02633	-0.132631
0.846488	-0.39427
0.96263	-0.206906
1.07035	-0.459687
0.823219	-0.161689
1.15838	-0.437571
0.966383	-0.419019
0.972408	-0.362031
1.09509	-0.348028
0.859838	-0.183555
0.8871	-0.143866
0.783657	-0.300729
0.553731	-0.248059
0.759254	-0.699063
0.854322	-0.875024
-0.324268	-0.490359
-0.402707	-0.630316
-0.312848	-0.829209
-0.256917	-0.870332
-0.183223	-0.92063
-0.0748385	-0.930148
0.00363484	-0.870463
0.233492	-0.882918
0.539522	-0.87863
1.30993	-1.50991
1.74159	-1.80678
2.1899	-2.2523
2.00879	-1.49982
2.35329	-1.7522
2.18304	-1.64357
2.08732	-2.25332
2.07353	-2.185
1.83049	-1.75516
2.0479	-2.08075
1.27753	-0.868044
0.746695	-0.0136207
2.98071	-2.54
1.79958	-0.81741
1.36793	-0.307154
0.963157	0.0959346
0.844767	0.214146
0.825039	0.242919
0.897513	0.221648
1.14545	-0.0227143
1.27051	-0.723088
1.29785	-0.856246
1.48782	-0.930472
1.21498	-0.877154
0.884266	-0.386985
0.540154	0.251368
0.781852	0.122219
0.788702	-0.28757
0.619478	-0.359213
1.14257	-0.585849
0.469492	0.0825503
0.0594765	0.365576
0.0654467	0.334075
0.135264	0.207413
0.123091	0.262009
0.823821	-0.547048
1.14721	-0.645008
1.13661	-0.993132
1.19709	-1.14681
0.301145	-0.127918
0.389134	-0.0454615
0.817282	-0.166302
1.16865	-0.805942
0.857457	-0.494001
1.48685	-0.87048
2.01139	-1.47547
1.39754	-0.86019
1.34054	-0.780237
1.27892	-0.706724
1.31305	-0.835761
1.84788	-1.95186
1.67705	-1.79121
2.16816	-2.54428
2.60521	-3.15236
2.47861	-2.76623
3.04325	-3.64425
2.45672	-2.69771
2.63234	-2.91245
2.62871	-3.05345
2.47198	-2.91386
2.29875	-2.73545
2.54624	-3.19635
2.83487	-3.64802
2.12694	-2.48761
2.44675	-3.05468
2.17856	-2.70732
2.03631	-2.50267
1.80584	-2.14152
1.48905	-1.68516
1.456	-1.41531
1.20299	-0.802411
0.903446	-0.182531
0.920996	-0.215454
0.67045	-0.0263041
0.612666	-0.027404
0.631951	-0.0628102
0.602771	-0.0695374
0.734576	-0.206441
0.761902	-0.240169
0.899871	-0.477766
1.13397	-0.846384
1.6176	-1.39353
1.31546	-0.832976
1.25475	-0.895471
1.4175	-0.917659
1.05939	-0.643278
0.755574	-0.357045
1.00769	-0.730763
1.61302	-1.44915
2.08966	-2.22054
2.35726	-2.55296
2.87162	-3.40848
2.19424	-2.58705
1.77962	-2.16541
1.60588	-1.96319
1.49869	-1.74267
1.03515	-0.942009
0.92914	-0.54804
1.24434	-0.64367
1.47645	-0.887331
1.36217	-0.711052
2.41533	-2.02033
1.92539	-1.20524
1.57529	-0.955865
1.61011	-0.836635
1.44019	-0.633204
1.26803	-0.534174
1.46127	-0.587767
1.40589	-0.689459
1.40198	-0.62227
1.29972	-0.735837
1.22693	-0.746982
1.12814	-0.819281
1.63702	-1.19819
1.46877	-1.18459
1.84398	-1.55771
1.93221	-1.60729
2.12064	-1.78915
2.07213	-1.73654
2.4342	-2.19356
3.18877	-3.29771
3.71461	-4.15388
3.51377	-3.66858
3.24032	-3.76295
2.27773	-2.59232
2.25632	-2.45272
2.68152	-3.15721
2.13672	-2.35491
1.57999	-1.20056
1.2931	-0.975332
1.22439	-1.20819
1.15979	-1.06731
0.279732	-0.319314
0.168386	0.0792806
0.468741	0.409199
0.680996	0.735282
0.503821	0.53844
0.381181	0.277865
0.563922	0.467777
0.591002	0.362444
0.520767	0.352432
0.651516	0.2165
0.558901	-0.0126529
0.460459	-0.523243
0.338772	-0.455058
1.15422	-1.44187
0.753267	-0.998596
0.79808	-0.815555
0.938809	-0.851114
1.39214	-1.24762
1.20411	-0.800528
2.05469	-1.91402
1.59086	-1.45233
1.02461	-0.84927
0.402356	-0.168851
0.409452	0.0126827
0.282984	0.251776
0.256322	0.297588
0.408006	0.669513
0.583997	0.833362
0.810814	0.889812
0.71278	0.395618
1.04381	-0.359296
0.796321	-0.154299
0.744902	-0.265868
0.923508	-0.457026
0.671638	-0.113434
0.623007	0.0089804
0.746666	0.128799
1.17822	-0.92382
1.64722	-1.22498
1.47598	-0.0951193
2.1081	-1.1108
1.94371	-1.0693
2.42093	-1.73898
2.87896	-2.37791
2.7791	-1.96774
2.31143	-1.30175
2.04965	-0.937287
1.84676	-1.26744
2.04085	-1.83538
2.1304	-2.19689
1.85876	-1.67571
1.14114	-0.81127
0.411805	0.0516338
0.339898	0.218186
0.419598	0.281508
0.591275	0.220442
0.572784	0.347054
0.358837	0.494665
0.183075	0.295606
0.498222	-0.051957
0.325878	0.106687
0.38426	-0.331263
0.630653	-0.941206
0.683594	-1.07292
0.613864	-1.11553
0.681062	-1.09387
0.809893	-1.34137
0.791749	-1.06167
1.17338	-0.915507
0.876284	-0.450947
0.975358	-0.613857
0.902907	-0.242819
0.785602	-0.0974277
0.912362	-0.23211
1.06163	-0.517502
0.826588	-0.224695
1.25629	-0.319029
1.19887	-0.205066
0.95475	-0.206231
1.20308	-0.473225
1.02773	-0.560099
1.2356	-0.656623
1.46101	-1.00971
2.2014	-1.47586
2.5524	-2.25807
2.17542	-1.73669
1.66186	-1.10223
1.73743	-1.32784
2.07283	-1.89655
1.59452	-1.24657
1.62694	-1.38628
1.21278	-1.0624
1.2875	-1.08149
0.997073	-0.899637
1.0754	-0.670713
1.08693	-0.412231
0.545709	-0.749821
0.848222	-0.707787
0.955646	-0.634427
0.962859	-0.702124
0.960171	-0.893941
0.915711	-0.818731
1.19074	-1.24225
1.02686	-0.983169
1.92087	-1.63689
1.85763	-1.21202
1.93676	-1.6992
2.52722	-2.86759
1.92225	-1.87718
1.9081	-1.68911
2.33735	-1.66043
1.8047	-0.790259
1.7146	-0.923716
1.8757	-1.15436
1.53512	-1.0591
1.85168	-1.15441
1.45632	-0.784336
1.57259	-0.774714
1.46869	-0.431749
1.16081	-0.766581
1.48084	-1.27784
1.28565	-1.34581
0.955808	-0.601266
0.985515	-0.727894
0.858899	-0.778939
0.954351	-0.987342
1.07965	-0.815436
0.820929	-0.631223
1.11198	-0.746332
0.827505	-0.406732
1.07785	-0.471043
0.974541	-0.389148
0.963112	-0.352265
0.903934	-0.194507
1.0472	-0.395259
0.978746	-0.152541
1.05148	-0.0831662
1.22301	-0.265652
1.07867	-0.22776
1.04142	-0.147698
0.90406	-0.333774
0.904365	-0.158464
0.904387	-0.217206
0.968113	-0.168278
1.28693	-0.633626
1.00919	-0.295275
1.58798	-0.967673
1.6168	-0.851958
1.48105	-0.839714
1.88083	-1.35785
1.45319	-0.715914
1.33839	-0.433955
1.23183	-0.409011
1.53476	-0.582474
3.14103	-3.21865
2.2929	-1.42951
1.92015	-1.0604
2.01052	-1.16123
1.88625	-0.975636
1.85874	-0.94966
2.10536	-1.26191
2.10853	-1.26424
2.12003	-1.27548
2.07376	-1.36443
1.78003	-1.00576
1.35167	-0.525043
1.31194	-0.515302
1.46135	-0.666244
1.67576	-1.00698
2.08551	-1.71677
2.34629	-2.11275
2.66351	-2.47518
3.22066	-3.74083
1.63199	-1.71657
1.6685	-1.64763
1.76854	-1.79816
1.66365	-1.45018
2.06874	-1.65767
0.100816	-0.0919858
0.262195	0.211209
-0.233477	0.360864
-0.190433	0.186372
-0.0650493	0.172724
0.243479	0.312809
0.340889	0.161016
0.0536031	-0.283716
0.341434	-0.470163
0.673919	-0.386344
0.194464	0.229296
0.13718	0.226058
-0.0658336	0.175991
0.0854908	0.0621579
-0.142518	0.223949
-0.339491	0.358595
-0.509856	0.343301
-0.752906	0.590796
-0.466161	0.611441
-0.476257	0.578825
-0.287763	0.329212
0.190116	0.0641404
0.423217	0.0682467
0.167102	-0.0313995
0.221553	0.0044969
0.962458	-0.811824
1.11858	-0.953291
1.96759	-1.87048
1.68165	-1.34845
1.89092	-1.73669
2.1704	-2.42627
1.94906	-2.28037
1.58405	-1.73252
1.66991	-1.99315
1.41906	-1.73505
1.14731	-1.48199
1.1322	-1.53884
1.17195	-1.60779
0.819202	-1.25172
0.606138	-1.04745
0.45824	-0.944576
0.478067	-0.979561
0.550455	-0.926221
0.680874	-0.989696
0.871778	-1.04764
1.30556	-1.26302
1.29503	-1.13824
1.6893	-1.23547
1.76984	-1.20516
1.8824	-1.34621
1.96131	-1.1969
2.1838	-1.3576
2.0165	-1.36748
1.52275	-0.538571
1.74617	-0.893188
2.50598	-1.92709
1.66852	-0.852641
1.29746	-0.426303
1.14274	-0.467984
1.08249	-0.455812
1.80142	-1.2651
1.49583	-1.2639
1.49849	-1.01735
1.58549	-1.20306
0.688145	-0.371686
0.3646	0.0247466
0.349679	0.380763
0.459109	0.365977
0.559252	0.640629
0.433912	0.412997
0.376503	0.414028
0.331798	0.488842
0.38324	0.377062
0.567008	0.187728
1.11744	-0.739636
1.85134	-1.28689
1.64077	-0.816112
2.14785	-1.45601
2.43552	-2.10156
2.47985	-2.16405
2.61184	-2.33901
2.74784	-2.72041
2.83444	-3.19347
2.99781	-3.64923
2.47194	-2.68067
2.0231	-1.83636
2.03139	-1.85697
1.89029	-1.92818
1.16035	-1.16887
1.58023	-1.55246
1.00202	-0.689819
1.01435	-0.630973
1.10264	-0.64847
0.687813	-0.0812356
0.73177	0.13393
0.899168	-0.319631
1.27533	-0.601695
1.45198	-0.642025
1.29174	-0.665195
1.45666	-0.999051
1.66467	-1.3247
1.3151	-1.20357
2.20976	-2.23538
2.39989	-2.63149
2.26083	-2.61943
1.93106	-2.15308
3.01561	-4.11239
2.51722	-3.33442
1.74438	-2.11866
1.17698	-1.10744
1.40564	-1.04157
2.29528	-2.2242
2.08219	-1.94234
2.07471	-1.99825
1.68257	-1.34912
1.72763	-1.51317
1.48625	-1.27881
1.62789	-1.65239
1.74668	-1.62493
1.30926	-1.29743
1.42333	-1.58708
1.75111	-1.75376
1.68996	-1.93748
1.31038	-1.30211
1.3795	-1.42088
1.0724	-1.03169
1.23203	-1.05784
1.04391	-0.795423
1.47724	-1.08656
1.14993	-0.678444
1.02769	-0.564279
1.16082	-0.60852
0.918726	-0.176401
1.19049	-0.474534
0.789517	-0.209528
0.910384	-0.179213
1.04974	-0.261862
0.870598	-0.268654
1.0611	-0.287372
0.699908	0.0131619
0.774784	0.021683
0.855425	-0.111761
0.781474	-0.201279
1.06197	-0.0633532
1.19122	-0.403712
0.996039	-0.419455
0.87523	-0.19976
1.08987	-0.407101
1.01311	-0.431694
1.06922	-0.884388
1.2546	-0.986512
1.60619	-1.63283
1.17994	-0.866159
1.15219	-0.866294
1.51923	-1.1882
1.21208	-0.855373
2.66201	-2.72456
2.57112	-2.25946
2.00937	-1.37995
1.87362	-1.05089
1.83368	-1.22243
1.83565	-1.01389
1.7411	-1.0677
1.48273	-0.816304
1.00357	-0.409957
1.05032	-0.51757
0.959937	-0.579028
0.820618	-0.650371
1.01247	-1.25267
0.716219	-0.95719
0.652254	-0.927984
0.733757	-0.807317
1.12619	-1.0191
1.06768	-0.677844
0.744374	-0.487074
0.704887	-0.463468
0.55757	-0.413374
0.782777	-0.342189
1.07594	-0.45245
0.918257	-0.074386
1.2551	-0.560739
1.36641	-0.949261
1.51255	-1.15806
1.53381	-0.949316
1.87371	-1.19054
1.54584	-0.611673
1.31333	-0.515358
1.01866	-0.346545
0.978111	-0.711203
0.574286	-0.577943
0.49623	-0.460399
0.559154	-0.04381
0.351443	0.209341
0.534056	0.453187
0.776865	0.599889
0.784389	0.690513
0.837734	0.83535
0.546885	0.645561
0.799605	0.883125
0.497507	0.45142
0.668643	0.541087
0.841163	0.396805
0.745645	0.388844
0.632472	-0.481872
1.28215	-1.3664
1.1054	-1.03685
0.962809	-0.673551
0.971956	-0.574731
0.907057	-0.45859
0.982972	-0.414383
1.15769	-0.522515
1.25707	-0.489122
1.28705	-0.486801
1.40789	-0.494257
1.50939	-0.601372
1.56487	-0.626202
1.61619	-0.538985
1.86625	-0.932581
1.75411	-0.82907
2.04321	-1.25175
1.9311	-0.870633
1.81479	-0.54302
1.97648	-0.714253
1.75821	-0.260761
1.5744	-0.116305
1.63374	-0.229339
1.89023	-0.675768
1.86836	-0.610697
1.90544	-0.675131
1.80226	-0.610383
1.21872	-0.289803
1.03759	-0.758564
1.47961	-1.18197
1.73466	-1.08666
1.45031	-0.547821
0.52893	0.0296213
0.403596	-0.259759
-0.284358	0.217092
-0.0655844	0.358264
0.0931323	0.558165
0.228912	0.370028
0.379326	0.547536
0.647743	0.578337
0.495646	0.588284
0.552636	0.588971
0.581878	0.668467
0.419194	0.0938064
0.682721	-0.1656
0.780243	-0.445562
0.857951	-0.585582
1.23071	-0.847118
1.70521	-1.13313
2.06744	-1.19913
2.24993	-1.6767
2.41322	-2.17282
2.16414	-2.57239
2.3323	-2.88124
2.23422	-2.72232
2.33787	-2.89669
2.00955	-2.33596
1.98736	-2.39536
1.97277	-2.39682
1.87761	-2.32488
2.27314	-2.94397
2.41618	-3.17874
1.99852	-2.76286
1.43581	-2.01715
1.84682	-2.30027
1.75066	-2.10671
0.907826	-0.858646
1.03102	-0.831156
1.16604	-1.00342
1.19664	-1.01152
1.03863	-0.852946
1.47452	-1.4979
1.65535	-1.71036
1.83457	-2.01685
2.16972	-2.57778
2.0717	-2.68731
1.50358	-1.50885
0.903739	-0.759212
1.18922	-1.01857
1.14517	-0.981332
1.06813	-0.813535
0.298039	-0.078059
0.244047	0.314425
-0.0111509	0.262928
0.346879	0.245675
0.637908	-0.0212683
0.73157	0.134099
0.362001	-0.265855
0.496605	-0.294361
1.16971	-0.910348
1.89004	-1.64793
1.59529	-0.845416
1.23903	-0.410746
1.68563	-0.977016
2.21152	-1.91592
1.86078	-1.56844
1.61827	-1.29879
1.68052	-1.38365
1.1969	-0.732269
1.05708	-0.585374
1.03136	-0.484058
0.888119	-0.335251
1.00109	-0.17451
1.14513	-0.781005
1.00551	-0.792611
1.26568	-1.01364
1.53648	-1.27589
2.83253	-3.06259
2.7776	-2.94928
2.39991	-2.29762
2.45151	-2.20495
2.04788	-2.32659
2.25703	-2.72313
2.7031	-3.3061
2.50742	-3.07524
2.78647	-3.44761
2.51258	-3.03301
1.84854	-2.03822
0.96062	-1.13081
0.197501	-0.729823
-0.0630495	-0.674601
-0.220423	-0.753445
-0.181331	-0.815322
0.125154	-0.751737
0.591737	-0.814237
0.994134	-0.823469
1.39905	-1.15782
1.61406	-1.40252
1.93175	-1.87462
1.75955	-1.65642
1.95851	-1.93083
2.50854	-3.04148
2.13848	-2.73065
1.91452	-2.34001
2.18896	-2.7552
2.46993	-3.15457
2.17932	-2.68212
2.49756	-2.78154
2.70367	-2.66225
2.40497	-1.89711
2.42462	-2.08051
2.2373	-1.83182
2.39777	-2.06051
2.4613	-2.06667
2.70961	-2.43071
3.18967	-3.41908
2.7901	-3.04973
2.82731	-3.00925
2.71685	-2.7124
2.28821	-1.77148
2.03748	-1.52831
1.68003	-1.43369
1.3059	-1.14213
1.23286	-0.818752
1.05548	-0.613583
0.878563	-0.453217
1.02278	-0.549895
0.891165	-0.644898
1.16587	-0.511503
0.893398	-0.222895
0.731824	-0.423906
1.19896	-0.648614
0.808377	-0.88185
1.12354	-1.06215
0.630384	-0.491974
0.454823	-0.447876
0.404579	-0.439605
0.435886	-0.396757
0.512209	-0.309248
0.76006	-0.409609
0.534354	-0.436047
0.457989	-0.311353
0.467363	-0.437192
0.581612	-0.254796
0.18766	0.0765174
0.442455	0.126308
0.668871	0.11741
0.751695	0.329515
0.863761	0.207941
0.695254	-0.188313
0.821568	-0.611213
1.02283	-0.491271
1.91235	-0.697887
1.75624	-0.406708
2.04206	-0.794901
2.04197	-0.927089
2.53007	-1.8538
2.44295	-1.77311
2.34409	-1.49789
1.52101	-0.458465
1.34447	-0.535531
1.09319	-0.443022
-0.0129128	0.0662725
0.0653185	0.190473
0.297545	0.456284
0.603531	0.573183
0.625299	0.781983
0.681126	0.783914
1.00369	1.02662
0.824738	0.646406
0.455368	0.666424
0.305969	0.2401
0.496686	-0.0653227
0.807469	-0.459242
0.882095	-0.585352
1.44752	-0.899917
1.64262	-0.553261
2.59922	-1.85979
2.7339	-2.38045
2.60068	-2.35959
1.57925	-0.979839
0.877278	-0.00262837
0.549265	0.0509073
0.555666	-0.0766137
0.709562	-0.14808
1.25068	-0.879962
1.21615	-0.902706
1.21773	-0.764612
0.94034	-0.659354
1.16246	-0.909756
1.16345	-0.769673
1.05382	-0.687083
1.8273	-1.69773
1.61379	-0.884456
1.98107	-1.55053
2.44097	-2.35858
2.23349	-2.07458
2.47172	-2.72047
2.25011	-2.27568
2.05904	-1.94776
2.05493	-2.07537
2.18778	-2.12709
2.00602	-1.85167
2.09108	-1.93233
1.87324	-1.86991
2.01733	-1.90183
1.16635	-0.44628
0.832917	0.274495
0.666807	-0.0390341
0.803781	-0.279467
1.1464	-0.868023
0.914764	-0.857197
0.635656	-0.713704
1.21326	-1.27975
1.92313	-2.1746
1.9754	-2.12591
1.77899	-1.77534
1.64154	-1.56255
1.60552	-1.4857
1.58583	-1.44018
1.58932	-1.45662
1.48482	-1.42333
1.4585	-1.50489
1.57487	-1.466
0.990076	-0.872471
1.18768	-0.985624
1.74629	-1.6936
1.98969	-2.05447
1.80671	-1.60295
1.41394	-1.55894
1.36247	-1.29319
1.43685	-1.35932
0.680277	-0.578027
0.532068	-0.176364
0.412271	0.130735
0.480718	0.287453
0.451288	0.399546
0.391234	0.552815
0.532514	0.368654
0.225974	0.277664
0.324095	0.411645
0.623736	0.46052
0.517796	0.425706
0.660072	0.651991
1.10652	-0.705993
0.912672	-0.242718
0.958439	-0.34457
0.86502	-0.0467303
1.09122	-0.488386
1.02777	-0.449811
0.884715	-0.391605
0.961438	-0.44326
0.922725	-0.351633
1.18367	-0.68268
0.965043	-0.428079
1.3032	-0.672092
1.8284	-1.17278
2.18014	-1.1721
2.09957	-0.894604
1.78146	-0.521826
2.16686	-0.860167
1.73506	-0.85345
2.05783	-2.06893
2.31812	-2.42738
2.21051	-2.16251
2.57458	-2.84438
2.39908	-2.42597
2.77375	-2.56283
3.89833	-3.67239
4.01054	-4.08076
2.79863	-2.1546
3.09246	-2.81718
3.90051	-4.2833
3.41072	-3.23163
2.90709	-2.26421
3.20481	-2.45155
3.34231	-2.60764
3.33558	-2.76202
2.58694	-1.75459
2.57606	-1.88166
2.27736	-1.49849
2.2405	-1.72808
1.18234	-0.806717
0.573717	-0.681698
0.566591	-0.365739
0.732116	-0.667643
0.698297	-0.505787
0.388359	-0.367432
0.427703	-0.187968
1.66634	-1.23207
2.25726	-1.79001
2.35192	-2.12019
1.62441	-0.855278
1.33467	-0.267353
1.85193	-0.774236
2.27799	-1.67092
2.38857	-1.97602
2.23619	-1.91721
1.63282	-1.09208
1.41484	-0.899459
1.06462	-0.549977
0.891471	-0.453062
0.840112	-0.654839
0.980257	-1.15828
1.47757	-1.92402
2.23531	-1.96333
2.1777	-2.09184
2.28385	-2.39488
2.28304	-2.28226
1.54408	-1.41353
1.46889	-1.16528
1.36263	-0.931768
1.16767	-1.11767
0.386199	-0.279642
0.027806	-0.050166
0.255324	-0.0142476
0.440648	0.256681
0.651025	0.548117
0.622425	0.559899
0.784162	0.61344
0.68133	0.0956171
0.610776	-0.162244
0.640301	-0.100144
0.665921	0.146074
0.782442	-0.132574
0.75324	-0.11426
1.07781	-0.237461
0.954585	-0.546069
0.940028	-1.06826
0.62781	-0.784453
0.849141	-1.20992
0.846427	-1.13238
1.31599	-1.6762
1.14502	-1.27064
0.182326	-0.475292
0.865678	-0.685926
1.45661	-1.22109
1.4119	-1.17452
1.54847	-1.14921
1.28475	-0.710021
1.40461	-0.81606
1.51405	-0.967188
1.4917	-0.991244
1.74312	-1.45146
2.40971	-2.30857
2.15399	-1.62773
1.43611	-0.701209
1.31911	-0.818889
1.38874	-1.19207
1.70571	-1.77683
1.40731	-1.09132
1.22905	-1.03249
1.35791	-1.02273
1.2762	-0.973634
1.12655	-0.535475
0.862585	-0.167675
0.703708	-0.06433
1.66178	-1.04304
2.09742	-1.52869
1.98398	-1.45576
2.4275	-2.29381
2.76528	-2.71284
2.24337	-1.99389
2.14247	-1.7319
1.88408	-1.35617
1.68142	-1.15929
1.17129	-0.794701
1.39135	-1.01421
1.27097	-0.692457
1.1973	-0.877907
1.11513	-0.742746
1.07383	-0.522673
1.21658	-0.762988
1.36193	-1.00982
3.22653	-3.41469
2.59613	-2.46437
2.17741	-1.82854
2.02656	-1.5259
2.4229	-2.24667
3.08043	-3.73782
2.94427	-3.62949
2.76997	-3.29468
3.03847	-3.74135
2.5269	-2.59738
2.33554	-1.8952
1.64525	-0.879105
1.8242	-1.16746
1.75125	-1.09673
1.81302	-1.24177
1.82926	-1.32109
2.04694	-1.72551
2.55701	-2.58022
2.24964	-2.09962
2.04185	-1.91892
1.73915	-1.18906
1.76733	-1.34276
1.57015	-0.842203
1.54191	-0.870279
1.14651	-0.484738
1.01442	-0.438071
0.58568	-0.540149
0.591096	-0.8406
0.224754	-0.58208
0.264893	-0.781312
0.178936	-0.838432
0.218057	-0.892644
0.435939	-1.04194
0.585885	-0.758594
1.24949	-1.22314
1.05058	-1.09879
1.13445	-0.821562
1.50564	-1.2719
1.08441	-1.05712
1.0624	-0.923804
0.967795	-0.885354
1.05258	-1.01293
1.12919	-1.19346
0.895781	-0.943543
1.07884	-0.819478
1.48927	-1.25095
1.9539	-1.7003
3.0276	-3.21729
2.47111	-2.11161
2.32235	-1.76491
2.33733	-1.61599
2.41343	-1.44014
2.00121	-0.991023
1.96087	-1.41692
1.59812	-1.36636
1.71828	-1.67735
1.48204	-1.18391
1.0639	-0.633138
1.07213	-0.62635
0.647922	-0.0933134
0.698101	-0.0885644
0.729462	-0.0548086
1.34221	-0.767933
1.26079	-0.613497
1.23632	-0.559283
1.219	-0.577228
2.07219	-1.11168
1.94191	-0.763984
1.38916	-0.814287
2.23146	-2.50138
2.03247	-2.29995
2.46469	-2.91117
2.48345	-2.91561
2.51393	-3.00505
1.99849	-2.22162
2.37966	-2.91645
2.33931	-2.72914
2.29649	-2.66582
2.44917	-2.93219
2.58092	-3.26591
2.44779	-2.98857
1.77287	-1.78026
1.81514	-1.37014
1.55834	-0.920149
1.8534	-1.26598
2.66614	-2.54751
3.0471	-3.05621
2.94851	-2.97592
1.73658	-1.06317
1.77602	-1.46194
1.50748	-1.33917
1.43058	-1.62907
1.57831	-1.81883
2.15328	-2.63635
2.1307	-2.56483
1.84412	-2.03852
1.46303	-1.33304
1.64134	-1.43349
1.96637	-1.7733
1.64866	-0.868572
1.06458	-0.168806
0.930732	-0.438332
0.102211	0.243665
-0.143695	0.113913
-0.0831981	0.213974
-0.109749	0.274053
0.281432	0.508776
0.422949	0.58107
0.209471	0.770634
0.0452855	0.377177
0.122456	0.413594
0.64115	-0.135882
1.61299	-0.777547
1.41427	-0.538312
1.39769	-0.599709
1.81387	-1.09409
2.39255	-1.88506
2.06483	-1.37188
2.03237	-1.4123
1.14897	-0.925228
1.07252	-1.18296
0.861555	-0.303853
0.767705	-0.331401
0.505197	-0.281802
0.593718	-0.458692
1.75975	-1.48703
2.42	-2.15911
2.19768	-1.93256
2.03228	-1.63424
1.95486	-1.45935
2.31147	-1.96541
2.93407	-2.93863
2.92493	-2.87634
2.84483	-2.77903
2.78941	-2.66262
2.77163	-2.62677
3.10813	-3.31189
3.1233	-3.48729
2.66975	-2.47587
2.44503	-2.21659
2.14796	-1.83855
2.41856	-2.60419
1.71036	-1.51973
2.2302	-2.49577
2.0914	-1.95755
2.25079	-2.47544
1.66179	-1.58213
1.43664	-1.38618
1.66932	-1.52567
1.43896	-1.30322
1.12391	-0.964355
1.13385	-0.823289
1.02868	-0.642362
0.912118	-0.65814
0.752697	-0.0458834
1.2204	0.623848
1.14927	-0.309661
1.09458	-0.528506
0.928243	-0.253425
0.930214	-0.247631
0.973714	-0.357495
0.950375	-0.256232
0.870608	-0.0934242
0.864814	-0.288989
0.946531	-0.167425
0.92891	-0.184249
0.838703	-0.132299
1.07078	-0.206456
0.846427	-0.231227
0.667299	0.0951411
0.733778	-0.107675
0.932464	-0.310087
0.988687	-0.188401
0.830359	0.0648972
0.763928	0.0247555
0.770862	-0.474398
1.34335	-0.853393
1.74497	-1.55413
2.1133	-2.21315
2.0158	-2.27891
1.68992	-1.8897
1.8205	-2.13036
1.39002	-1.76835
1.55204	-1.91891
1.5892	-1.93901
1.64248	-1.9482
1.68013	-2.07778
1.57127	-1.88983
1.45919	-1.67132
1.58083	-1.86298
1.55641	-1.82717
1.64461	-1.9064
1.6344	-1.54484
2.14738	-1.7567
2.10476	-1.41253
1.50225	-0.470287
1.23459	0.107033
0.267221	0.496972
-0.267711	0.119904
0.0728882	0.0495372
0.428428	0.383189
0.444921	0.604958
0.676887	0.68943
0.466245	0.764811
0.629266	0.540034
0.605023	0.533621
0.507371	0.258518
0.762575	-0.290154
1.58487	-1.55786
2.74509	-2.69979
1.99083	-1.32452
2.08568	-1.66748
1.76006	-1.37316
1.25286	-0.743771
1.00429	-0.60804
0.680242	-0.499025
0.405746	-0.568329
0.170102	-0.66607
0.0221533	-0.811726
0.973092	-0.602048
1.26488	-0.790667
0.907212	-0.681777
1.41482	-1.12598
0.97244	-0.87241
0.843127	-0.726968
0.937334	-0.910943
0.713683	-0.848045
1.18042	-1.18923
0.83203	-0.62225
1.16428	-1.0537
1.72809	-1.325
2.32886	-2.14376
2.63927	-2.48128
2.8034	-2.66982
2.80872	-2.93684
2.43253	-2.48939
1.99158	-1.86807
1.72494	-1.41664
1.75816	-1.30051
1.64394	-1.10612
1.9141	-1.48203
2.18136	-1.99389
1.89104	-1.53106
1.69527	-1.21593
2.10994	-1.64933
1.6314	-1.37496
1.37303	-0.953245
1.40103	-0.600955
1.22055	-0.277719
1.24251	-0.565374
1.27165	-0.625509
1.47257	-0.874543
1.29691	-0.848405
1.59866	-1.44923
1.93649	-2.05348
2.32028	-1.96632
2.49404	-2.42452
2.35025	-2.28678
2.3878	-2.2933
2.41639	-2.66388
1.97485	-1.88158
1.57149	-0.973242
1.44372	-0.683157
1.73279	-1.0319
1.6968	-1.80333
2.2507	-2.88493
1.92749	-2.43085
2.27793	-2.90212
2.60931	-3.49519
2.81031	-3.72823
1.71605	-1.86901
1.31875	-0.992448
2.81947	-2.58664
2.44862	-1.84704
2.5922	-2.08333
2.54602	-2.05908
2.3159	-1.97346
2.56656	-2.00546
1.5566	-1.11169
0.201665	0.0715806
-0.00612023	0.392378
0.100375	0.532121
0.240501	0.574366
0.522214	0.653102
0.97421	0.961958
0.97757	0.783844
0.674641	0.356717
0.72911	0.224971
0.644539	0.0453167
0.626984	-0.511556
1.07415	-0.820525
1.57026	-0.95751
1.83254	-1.32945
1.96205	-1.59156
2.3606	-2.18202
1.91773	-1.37193
1.89462	-1.42399
1.80265	-1.31754
1.68694	-1.12348
2.03659	-1.54796
2.42011	-2.18119
2.56773	-2.29657
2.36059	-1.87441
2.19402	-1.46786
2.04875	-1.07987
2.16547	-1.61477
2.39323	-2.29451
1.71376	-2.15177
1.26872	-1.17644
1.79447	-1.96845
2.27859	-2.42908
1.40614	-1.06062
1.75712	-1.51605
2.27795	-1.81692
2.19177	-1.81224
2.73773	-2.73466
2.28714	-2.43625
1.98026	-1.95695
1.72167	-1.63785
1.35003	-1.34262
0.987458	-0.982315
0.879951	-1.04184
0.363704	-0.619942
0.165787	-0.763682
0.265449	-0.572474
0.392001	-0.463746
0.282166	-0.771368
0.32273	-0.784681
-0.00541832	-0.782494
0.148671	-1.04008
0.203973	-1.04327
0.263961	-1.12393
0.3713	-1.09892
0.445509	-1.04178
0.665005	-1.17979
0.744279	-1.0628
0.726325	-0.765537
1.27648	-1.24846
1.41532	-1.46162
1.33053	-1.3305
1.194	-1.12804
1.25876	-1.19029
1.5169	-1.71735
1.14986	-1.05374
1.3211	-1.17312
1.37996	-1.27319
1.36933	-1.16766
1.19607	-0.915513
1.40486	-1.27408
1.11048	-0.682168
0.842136	-0.210091
0.904173	-0.126911
1.10149	-0.507298
0.942224	-0.23554
0.996611	-0.30043
1.04797	-0.444909
0.68221	-0.00679679
0.913216	-0.261948
0.927583	-0.336338
0.939225	-0.232244
0.976017	-0.393148
0.733754	0.00575191
1.07589	-0.342909
0.953496	-0.274883
0.983374	-0.242166
0.982458	-0.265085
1.07872	-0.120557
0.895187	-0.102868
0.949337	-0.169362
1.01039	-0.23786
1.03826	-0.213584
0.93307	-0.307654
1.16911	-1.07506
1.12352	-0.986946
0.835381	-0.607744
0.870812	-0.85763
1.28831	-1.35649
1.23122	-1.00738
0.886573	-0.891675
1.10755	-1.40418
0.928841	-0.990487
0.0739311	0.0459743
-0.0071227	-0.144552
0.104393	-0.0151811
0.286973	0.177616
0.263925	0.369167
0.580445	0.349443
0.560519	0.258924
0.550423	0.118345
0.378317	-0.136066
0.811961	-0.613422
1.00965	-0.988908
1.1685	-1.04375
1.36692	-1.32795
1.22936	-1.15627
1.77729	-2.00716
2.03616	-2.55406
1.83633	-2.24294
1.8913	-2.22409
1.9553	-1.88144
2.0768	-1.93154
2.30279	-2.30356
2.02749	-1.7028
2.17913	-1.94738
1.67743	-1.26729
1.32142	-0.591461
1.79894	-1.33561
1.48633	-1.13159
0.806765	-1.33997
1.04469	-1.72017
0.946309	-1.49113
1.49324	-1.98875
1.82227	-2.32184
1.739	-1.85608
1.65187	-1.46002
1.69353	-1.31966
1.7098	-1.25732
1.63375	-1.11299
1.49115	-0.774281
1.65205	-0.893543
1.43684	-0.576732
1.61237	-0.588088
1.57212	-0.524404
1.79958	-1.02749
1.68466	-1.40224
1.54964	-1.18747
1.15971	-0.602999
0.87986	-0.576465
1.08482	-0.909639
1.2931	-0.370011
0.988513	-0.124483
1.00611	-0.210019
1.13554	-0.416729
1.2859	-0.675583
1.49213	-0.939781
1.81452	-1.52272
2.39317	-2.57967
2.70838	-3.23393
2.256	-2.43687
2.17882	-2.40508
1.7258	-1.78077
2.06489	-2.11726
1.87837	-1.92783
1.29249	-1.05728
0.76678	-0.486965
1.08252	-0.960503
0.834861	-0.467856
1.1354	0.151448
0.824666	-0.0789893
0.496975	-0.339726
1.54662	-1.55843
1.07195	-0.887496
0.985684	-0.684049
1.60371	-1.11768
2.13949	-1.66041
2.28743	-1.96475
2.06551	-2.11726
2.35812	-2.44631
2.75441	-3.0239
2.63671	-2.95563
2.90377	-3.45484
2.74569	-3.19768
2.7888	-3.29094
2.90896	-3.29353
2.61704	-2.1595
2.40295	-1.68757
2.11759	-1.45633
2.17923	-1.87163
1.7822	-1.34537
1.35596	-0.964479
0.973118	-0.772728
0.791185	-0.772935
0.506151	-0.67221
0.280583	-0.791314
0.387486	-1.01231
0.213711	-0.886444
0.168822	-0.878445
0.155884	-0.864277
0.138811	-0.850036
0.127825	-0.888338
0.18	-0.795616
0.209108	-0.815569
0.279151	-0.779219
0.708548	-1.03935
1.29214	-1.53483
1.4191	-1.47272
1.46927	-1.34393
1.79736	-1.63711
2.04164	-1.83046
2.7505	-2.587
3.272	-3.45305
2.59981	-2.70998
2.20891	-2.02975
1.94102	-1.714
2.18516	-2.2316
1.84352	-1.97024
1.76417	-1.8337
1.23845	-1.14284
1.22832	-1.2003
1.13968	-1.02478
1.0235	-0.837326
1.17833	-1.02914
1.39913	-1.13225
1.05662	-0.544003
0.940803	-0.342953
1.03119	-0.310147
0.947423	-0.57135
0.910908	-0.784557
2.25186	-1.55431
2.10718	-1.40213
2.15652	-1.74741
2.6695	-2.53878
1.97753	-1.51279
2.28242	-2.06266
2.79306	-2.91022
2.93103	-2.8188
1.47716	-0.906192
1.94529	-1.38637
1.44564	-0.703372
1.24828	-0.700713
1.09376	-0.681999
1.07268	-0.637038
0.52343	0.243955
0.0863616	0.514274
-0.0296986	0.624339
-0.0117939	0.385485
0.580366	0.247128
0.615185	-0.213835
0.46928	-0.221034
0.825556	-0.0602595
0.594715	-0.127673
0.557003	-0.16123
0.782911	-0.10792
0.98036	-0.0887676
0.717526	-0.0746777
0.804962	-0.147981
1.00802	-0.694026
1.28949	-1.08856
0.851269	-0.759012
1.03696	-0.956575
0.808381	-0.815784
0.36739	-0.521824
0.203384	-0.41705
-0.371524	-0.109286
0.0107893	0.0668624
0.161977	0.271705
0.128198	0.448449
0.587311	0.510914
0.507497	0.447463
0.570482	0.508594
0.462508	0.487046
0.402633	0.285878
0.498604	0.0630588
0.445785	-0.651246
0.621955	-0.984659
0.529891	-0.979605
0.561772	-1.04785
0.547417	-1.11515
0.734136	-1.32071
1.18341	-1.51439
1.66772	-2.18386
1.88719	-2.26332
2.46295	-2.84088
1.51812	-1.1529
1.46892	-1.23491
1.66446	-1.19242
1.29733	-0.78244
1.23693	-0.74918
1.21752	-1.02997
1.14742	-0.869138
1.27316	-1.24538
0.993884	-0.785439
1.39035	-1.24913
2.90054	-3.59414
2.58009	-3.01988
2.57565	-2.97
2.15108	-2.32556
1.60265	-1.60889
1.38147	-1.36098
1.20867	-1.27225
0.928014	-0.542076
1.75516	-1.1915
1.94372	-1.25147
1.34033	-0.840846
1.48682	-0.797599
1.85624	-0.898205
1.9329	-1.25418
1.67131	-1.07413
1.73467	-1.22459
1.3102	-0.834008
1.30438	-0.850649
1.15522	-0.752907
1.3677	-1.09837
1.1475	-0.988092
0.122281	0.110087
0.365313	0.41608
0.361805	0.441372
0.38916	0.628393
0.718884	0.652294
0.679535	0.606801
0.618564	0.610035
0.425354	0.433348
0.395126	0.372808
0.529384	0.407775
0.346746	0.253271
0.240166	0.509375
0.0469247	0.283912
0.0359283	0.312013
0.0740704	0.464159
-0.0329544	0.572878
0.0118052	0.402557
0.237108	0.399881
0.465405	0.214496
0.718405	0.0412103
0.928697	-0.364075
0.805642	-0.243078
0.819054	-0.255734
0.87015	-0.112987
1.19941	-0.835956
0.825056	-0.343542
1.02572	-0.613277
0.849501	-0.195338
0.849821	-0.21764
0.92741	-0.276659
0.853307	-0.0500046
1.18313	-0.268861
1.04462	4.24506e-05
1.01917	0.0671033
0.922636	-0.0348029
1.2314	-0.359351
1.07571	-0.345508
1.15176	-0.205029
1.26155	-0.282146
1.03957	-0.259257
1.14833	-0.179483
1.11941	-0.185633
0.93841	-0.0610316
1.1769	-0.385518
1.04342	-0.61277
1.26424	-0.361538
1.14554	-0.361059
0.880834	-0.398395
0.822992	-0.419261
0.255316	-0.167967
0.353963	-0.316058
0.710548	-0.492223
0.792178	-0.40167
0.731008	-0.293745
-0.553839	-0.850265
-0.52994	-0.931475
-0.383728	-0.907818
-0.516697	-1.03224
-0.277287	-0.870898
-0.371235	-0.860788
-0.386863	-0.874363
-0.348276	-0.823247
-0.250644	-0.907715
-0.418002	-0.765947
0.521563	-0.754052
0.535347	-0.420823
0.999772	-0.602557
0.984822	-0.703398
0.746201	-0.331914
0.746783	-0.436644
0.9218	0.191303
0.602709	0.0334945
-0.21882	-0.623786
0.294846	-1.02927
0.474809	-0.894291
0.645644	-0.831175
0.972033	-1.06584
1.14476	-1.12087
1.47005	-1.59986
1.55717	-1.7806
1.62268	-1.99572
1.28003	-1.65506
0.985309	-1.43103
0.589366	-1.19434
0.164076	-0.955195
0.0750253	-0.688254
1.11507	-1.33997
2.01266	-2.04915
1.92409	-2.02746
1.58413	-1.68653
1.75859	-1.88766
1.09845	-1.31021
0.3081	-0.912198
0.186626	-0.887586
0.5131	-0.827829
0.883495	-0.871937
1.31578	-1.21603
1.03635	-0.715707
1.44864	-1.20238
1.28885	-0.800587
1.31482	-0.734706
1.3576	-0.730157
1.11903	-0.513602
1.39156	-1.23833
2.19544	-2.65305
1.53077	-1.45201
0.448756	-0.317653
0.465613	-0.310197
0.577896	0.0693276
0.530269	0.189282
0.532537	0.264993
0.660939	0.201558
0.767295	-0.0822598
0.865301	-0.232133
1.19955	-0.823503
2.82774	-2.82267
2.43698	-2.12537
2.34401	-1.90903
2.5273	-1.99002
2.77527	-2.57412
3.00306	-3.03012
2.58415	-2.36689
2.31272	-1.9768
1.58522	-1.46538
2.24804	-2.58454
1.89998	-2.10825
1.89619	-2.09292
2.55865	-3.1036
2.9935	-3.78818
2.65671	-3.14132
2.52462	-3.01366
3.17035	-4.03576
2.93179	-3.65418
2.83415	-3.43628
1.80824	-1.72841
1.52506	-1.35988
1.41333	-1.48467
1.31639	-1.57968
1.20057	-1.60414
1.32447	-1.74792
1.89408	-2.15278
2.26812	-2.46195
2.54899	-2.69859
1.87396	-1.5759
1.781	-1.30255
1.4303	-0.946638
0.39345	-0.18559
-0.24083	-0.182954
-0.362675	-0.222078
-0.148627	-0.0214749
0.0673946	0.205827
0.197426	0.46626
0.224538	0.242282
0.265457	-0.0216814
0.598919	-0.418154
1.528	-0.741128
1.41686	-0.54572
1.5259	-0.598921
1.99811	-1.3922
2.1542	-1.91709
2.40211	-2.71958
2.00528	-2.29689
1.96653	-2.31022
2.05312	-2.40872
2.5158	-3.0307
2.87723	-3.60232
2.79975	-3.42789
2.56146	-2.89159
2.93313	-3.39126
3.59265	-4.32335
3.33008	-3.72987
1.79645	-1.48554
0.392248	-0.192224
-0.168219	-0.203659
-0.0988967	-0.0199121
-0.0323577	0.284177
0.297161	0.534586
0.227425	0.4052
0.514034	0.736394
0.676261	0.810845
0.77404	0.594663
0.616427	0.283473
0.427104	0.329179
1.25745	-0.568153
1.46119	-0.827119
1.7369	-0.673027
2.83929	-2.07916
2.85868	-2.55623
2.88666	-2.89117
2.86194	-3.30139
3.28671	-4.0083
3.23622	-3.92103
3.06726	-3.52763
2.90265	-3.28584
2.44142	-2.6021
1.93189	-1.71491
1.67377	-1.37246
1.48543	-1.16986
1.49473	-1.38907
1.03162	-0.616504
1.12095	-0.823347
0.793108	-0.0565008
0.904272	0.0602833
0.700278	-0.251986
0.68666	-0.282794
1.43043	-1.48726
1.25427	-1.25742
0.708203	-1.04643
1.36188	-1.39758
1.10514	-1.12075
1.36132	-1.29897
1.66737	-1.63931
1.77381	-1.78542
1.86083	-1.94546
1.70825	-1.8287
1.57502	-1.62444
1.70713	-1.71202
1.89576	-2.03383
1.95041	-2.07936
2.28305	-2.53225
2.64744	-2.74466
1.92571	-1.72319
1.68499	-1.44364
2.27803	-2.15431
1.74672	-1.52197
2.13268	-1.86681
2.28133	-2.28353
1.45708	-1.50068
0.937628	-1.5339
0.0074627	-0.734513
-0.213551	-0.660381
0.0318587	-0.72109
-0.0117376	-0.496759
-0.115308	-0.637542
-0.0588197	-0.695388
0.19588	-0.321045
0.363202	-0.479878
-0.0368066	-0.0208191
-0.116031	-0.00873173
0.102837	-0.0325653
-0.10992	0.0919318
-0.245864	0.0724505
-0.156078	0.241673
0.0640881	0.196796
0.0801965	0.0869222
0.292331	0.135248
0.260488	0.332066
0.154662	0.149529
0.192541	0.139283
-0.0877984	0.207495
-0.0890664	0.273358
0.0186317	0.315993
0.146023	-0.0126489
0.305411	-0.0125149
0.448275	0.0310725
0.81729	-0.331195
0.608524	-0.123408
0.848843	-0.354463
0.789747	-0.257274
1.03154	-0.433927
0.995214	-0.358959
1.13897	-0.618117
0.87248	-0.510687
0.790428	-0.470474
0.952934	-0.299651
1.07787	-0.403414
0.879397	-0.418051
0.961011	-0.375817
0.720472	-0.0717771
1.04815	-0.381781
0.955236	-0.244211
0.844189	0.0123019
1.14327	-0.185412
1.03797	-0.0894057
1.05414	-0.338969
0.540575	0.162274
0.350669	0.450441
0.371312	0.435624
0.292528	0.276335
0.479323	0.540615
0.638935	0.497476
0.610887	0.494062
0.46012	0.337927
0.292951	-0.000488833
0.337499	-0.819465
0.500498	-0.936921
0.780265	-1.30643
0.567653	-1.13768
0.439105	-1.06956
0.621007	-1.23279
0.202569	-0.780532
0.0112077	-0.533387
-0.0550033	-0.574928
0.166749	-0.0399368
0.325996	0.127232
0.484956	0.348911
0.485361	0.468593
0.669828	0.418151
0.461364	0.245406
0.573637	0.483288
0.956182	0.36816
0.511685	-0.0111514
1.00537	-0.780677
1.44884	-1.10319
2.27285	-2.01699
2.36924	-2.17942
2.24235	-2.04567
1.65965	-1.07693
1.75107	-1.18619
1.62616	-0.993995
1.62284	-0.962002
1.85395	-1.30823
1.97091	-1.53714
2.02711	-1.6611
1.9426	-1.52705
1.83483	-1.41731
1.70979	-1.28172
1.52526	-1.14391
1.34876	-1.06039
1.23032	-0.987607
1.72921	-1.61099
1.98398	-2.22552
1.89474	-2.04217
1.82388	-1.72431
1.99279	-1.75294
2.27458	-2.15403
2.14249	-1.89343
1.46031	-0.843917
1.35844	-0.9663
1.71467	-1.55526
1.34789	-1.2746
0.128256	0.12464
-0.0261184	0.286542
0.300227	0.16562
0.426081	0.411844
0.347126	0.302618
0.392663	0.362009
0.716248	0.483709
0.66169	0.254507
0.639445	0.379975
0.503591	-0.221909
1.59071	-1.52317
0.804051	-0.383784
0.887556	-0.23698
0.722044	-0.0460369
0.749948	-0.0756809
0.780579	-0.133201
1.23766	-0.625819
0.973322	-0.120976
0.846887	-0.050517
1.00961	-0.289221
1.39292	-1.0555
1.21933	-1.01205
1.6908	-1.10089
2.13842	-1.89632
2.30122	-2.32871
2.02777	-1.80029
2.1784	-2.01481
2.63502	-2.96173
2.75388	-3.49744
2.322	-2.81108
2.47078	-3.07431
2.4794	-2.96964
2.61312	-3.12714
2.22346	-2.38144
2.19168	-2.29528
2.51037	-2.79222
2.73755	-3.0031
3.00171	-3.6878
2.52168	-2.87851
2.77341	-3.24261
2.97084	-3.65669
2.4578	-2.88805
2.06075	-2.01674
1.57042	-1.40311
1.28003	-1.12451
1.17615	-1.04336
1.07957	-0.966953
1.08084	-0.99223
1.0528	-1.01143
1.00983	-0.969932
1.08565	-1.05897
1.16442	-1.15537
1.24376	-1.23889
1.60991	-1.70416
1.91191	-2.0883
2.56299	-2.81487
1.75243	-1.45224
1.37215	-0.902402
1.68186	-1.69068
0.871514	-0.540793
0.222488	-0.0014894
0.169292	0.0723908
0.333589	0.167974
0.429594	0.21413
0.27934	0.344704
0.385375	0.391124
0.33239	0.28183
0.426394	0.424821
0.495094	0.524936
0.5738	0.474186
0.180878	0.249364
0.270483	-0.025784
1.05117	-0.443166
1.21736	-0.476638
0.907732	-0.195691
1.0053	-0.282838
0.79457	0.00216127
0.809031	-0.0806046
0.762431	-0.0502175
1.04206	-0.271888
0.931996	-0.109385
1.01278	-0.977075
1.11862	-1.45753
0.915337	-0.578483
0.735333	-0.727662
0.505199	-0.733548
1.39766	-1.41871
1.86841	-1.56117
1.68976	-1.10219
1.52086	-0.852365
2.26965	-1.56477
2.66825	-2.07548
2.02911	-1.50789
1.82569	-1.08199
1.39663	-0.603712
0.836407	-0.187998
0.943924	-0.402269
0.743939	-0.417362
0.902558	-0.698933
0.703697	-0.802064
0.632291	-0.958921
0.462761	-0.887795
0.319781	-0.83769
0.34891	-0.73519
0.339772	-0.628456
1.07318	-1.0926
1.30013	-1.05258
1.21325	-0.782801
1.02546	-0.960332
1.01771	-0.745661
1.36442	-1.23912
1.29013	-0.984299
1.08687	-0.939583
0.961673	-0.908262
0.801803	-0.773231
0.773005	-0.540792
0.630045	-0.53534
0.422501	-0.709267
0.197101	-0.81916
0.219894	-0.970976
0.170645	-0.973407
0.0431025	-0.969756
0.0414636	-0.987909
0.100347	-0.980482
0.0706775	-0.976893
0.00155892	-0.980494
0.00298777	-1.02214
0.0105046	-0.979687
0.0804963	-0.948268
0.167965	-0.887307
0.313835	-0.870259
0.511185	-0.944451
0.710596	-0.975919
0.938938	-1.01315
1.03679	-0.975814
1.32673	-1.13619
1.52161	-1.31084
2.32531	-2.31458
1.55672	-1.16079
1.57934	-1.25862
1.91577	-1.57523
2.31075	-1.9598
1.85327	-1.60916
1.49569	-1.2178
1.39548	-1.0904
0.547635	-0.462824
0.417162	0.0614014
0.666792	0.00936059
0.739814	0.254782
0.604549	0.471441
0.579674	0.407504
0.486456	0.4316
0.50789	0.416831
0.51361	0.430784
0.498302	0.519711
0.372786	0.0831157
0.130885	-0.0214902
0.196779	0.410862
0.150416	0.556131
0.260723	0.618954
0.483409	0.85466
0.516444	0.547417
0.693779	0.083468
0.653319	-0.0206189
0.748111	-0.0463598
0.940828	-0.154692
0.777456	-0.080616
0.830014	-0.185181
0.818797	-0.217297
0.964188	-0.294863
0.939052	-0.304849
1.16386	-0.274664
1.11903	-0.386095
0.756165	0.137537
0.96928	0.136498
0.953202	0.151885
0.945399	0.188377
1.03476	0.194457
1.13206	0.0974789
0.792773	-0.875721
0.868033	-0.758552
1.08031	-0.967564
0.81127	-0.762819
0.790741	-0.824876
0.698981	-0.824355
0.636252	-0.899447
0.675312	-1.0642
0.584553	-0.979413
0.552983	-0.902877
0.69674	-1.02506
0.831928	-1.05405
0.907236	-1.0317
1.0985	-1.11617
1.28817	-1.26738
1.66718	-1.67423
1.94105	-1.81518
2.34726	-2.24153
3.28791	-4.07779
2.77763	-3.05993
2.97191	-3.40566
2.77487	-3.21167
2.61875	-2.75045
2.63928	-2.8372
1.65533	-1.14875
1.4761	-0.965072
1.8418	-1.39194
2.11079	-1.86552
2.43911	-2.24143
2.37991	-2.16915
2.41609	-2.24075
2.5797	-2.62939
2.2741	-2.16525
2.15801	-1.95589
2.03105	-1.72806
2.10524	-1.76867
2.56379	-2.37551
3.13588	-3.20223
2.7586	-3.15341
2.58225	-3.0249
2.24706	-2.28411
2.3882	-2.42476
2.08854	-1.98143
1.85078	-1.67485
2.05131	-2.08306
0.429522	-0.329678
0.326297	-0.0674978
0.0198832	0.232665
0.32137	0.135744
0.60257	0.158566
0.331253	0.200664
0.375878	0.178481
0.311741	0.131859
0.975475	-0.443812
1.18218	-0.911244
1.49332	-1.23517
2.19646	-1.83659
2.22255	-1.58606
1.83799	-1.33232
1.93522	-1.43062
1.75922	-1.17855
1.59134	-0.945343
1.62063	-1.00967
1.59279	-1.02612
1.62188	-1.01242
1.99563	-1.49541
1.88642	-1.1637
1.61304	-1.04894
1.57327	-1.24234
1.21493	-0.457861
1.13033	-0.480778
0.698775	0.0463493
0.603956	-0.300963
1.42379	-0.867438
1.56007	-0.726147
1.57253	-0.956537
1.95499	-1.32832
1.60296	-1.01035
2.00154	-1.59467
2.36689	-2.06308
2.1762	-1.97218
1.98971	-1.59498
1.49222	-0.844989
1.48849	-0.929103
1.70496	-1.36618
-0.0178775	0.0380139
-0.013945	0.0777915
-0.383408	0.0761271
-0.160575	-0.384987
-0.389217	-0.218481
-0.277509	-0.124745
0.319694	-0.141704
1.33966	-1.08408
1.61762	-1.28451
1.51836	-1.12745
1.35537	-0.954283
1.91484	-1.94997
2.48597	-2.84803
1.95704	-2.16414
2.07574	-2.4917
2.42637	-3.05173
2.53942	-3.11458
2.13376	-2.10735
1.73348	-1.10663
2.46116	-2.00247
2.38303	-1.91983
2.59855	-2.42253
2.32262	-2.07027
1.99369	-2.52717
2.05833	-2.57475
2.29985	-2.95923
2.05647	-2.49027
1.50224	-1.76972
1.33328	-1.16637
1.38562	-0.981238
1.32793	-1.08659
0.390352	0.0931441
0.665265	-0.077715
0.84348	-0.358895
0.872868	-0.313277
1.24738	-0.551046
1.35052	-0.742088
1.39719	-0.520972
1.48831	-0.827436
1.52038	-0.768498
1.38844	-0.614668
1.0366	-0.186046
0.973463	-0.753358
1.37548	-1.22594
1.23469	-0.925375
1.18021	-0.808728
0.698665	-0.0741106
0.987799	-0.227078
0.896711	-0.436643
0.721523	-0.142276
1.39723	-0.985539
2.0191	-1.31117
2.37869	-1.74067
2.14702	-1.27679
2.16655	-1.56759
2.79556	-2.85682
2.68189	-2.80631
2.5936	-2.71139
2.58375	-2.67416
2.60314	-2.64536
2.14721	-2.18621
2.00414	-2.05148
1.81775	-1.72746
1.56244	-1.40851
1.62049	-1.4063
0.724288	-0.580782
0.658895	-0.336349
0.348708	-0.517832
0.261527	-0.704304
0.381667	-0.821559
0.602223	-1.09371
0.623049	-1.00026
0.100423	-1.00997
0.115099	-1.10802
0.127465	-1.12466
0.286402	-1.31097
-0.0275407	-0.983994
0.0627737	-0.955223
0.105455	-1.06766
0.296933	-1.16073
0.446086	-1.32201
0.382448	-1.10538
0.414398	-0.963877
0.731231	-1.00965
0.803929	-1.09922
1.08183	-1.07717
1.43938	-1.08141
1.78818	-1.28638
1.60712	-1.07107
1.85179	-1.2783
1.96091	-1.28707
2.30017	-1.6136
2.04478	-1.36437
1.94704	-1.40414
1.61563	-0.947627
1.94976	-1.4767
1.38272	-0.816601
1.41795	-0.530246
1.22685	-0.406246
1.04986	-0.286026
1.2007	-0.471096
1.22253	-0.77074
0.960329	-0.15979
1.13704	-0.369195
1.03233	-0.165949
0.954508	-0.176401
0.992596	-0.344914
1.07431	-0.0828367
0.936301	-0.0173768
0.992396	-0.224398
0.973683	-0.378765
1.07867	-0.156785
1.03367	-0.222576
0.925293	-0.113314
0.987475	-0.161581
0.831197	-0.0248785
0.66665	0.135461
0.801513	-0.0660696
0.825619	-0.103772
0.995014	-0.290361
0.835628	-0.28362
1.15727	-0.579552
0.934443	-0.487456
0.536565	-0.364807
0.749665	-0.562411
1.80762	-1.59528
1.8237	-1.85719
2.38399	-2.66014
1.08603	-1.09649
1.80039	-1.61058
2.69503	-2.7145
2.25893	-2.01477
1.98291	-1.49474
2.18543	-1.62122
2.30839	-1.79115
1.89302	-1.31104
1.59839	-1.10623
0.0875918	-0.066315
0.0072933	0.066911
-0.196604	0.362419
0.0983214	0.552892
0.419994	0.65657
0.380023	0.681789
0.459905	0.47261
0.348399	0.364976
0.935793	-0.427005
1.79791	-1.22284
2.08646	-1.44711
2.00486	-1.4655
2.72092	-2.60799
3.52174	-3.74538
3.55254	-3.79252
2.14628	-1.6041
1.84305	-1.54905
1.67389	-1.28817
1.76144	-1.27775
1.71038	-0.850509
1.47147	-0.500556
1.41172	-0.923934
1.08917	-0.636145
1.21912	-0.852264
1.18456	-0.99461
0.710277	-0.28229
0.744291	-0.681267
1.79332	-1.42866
1.80192	-0.903086
2.14509	-1.32521
2.39507	-1.58613
2.17464	-1.32537
2.35831	-1.75757
2.18165	-1.54202
2.83423	-2.50293
2.7782	-2.24178
2.67098	-1.97574
1.64624	-0.812188
2.26976	-1.55379
2.49475	-1.67919
2.59753	-2.03212
2.66387	-2.18894
3.78928	-4.4487
2.82201	-2.95425
2.5848	-2.64834
2.39346	-2.38919
2.2541	-2.27366
0.563347	-0.15685
-0.164747	0.0560598
0.0404932	-0.0230742
-0.0133099	0.157409
0.220058	0.417053
0.520833	0.64024
0.581459	0.442993
0.557237	0.163993
0.490337	-0.016221
1.11423	-0.815416
1.72465	-0.981962
1.40795	-0.922033
1.62291	-1.13582
2.34041	-1.98482
2.33198	-1.92452
0.820958	-0.301461
0.360192	-0.211516
0.442956	-0.164379
0.084895	0.280356
0.685135	-0.232303
1.15569	-0.896487
0.964266	-0.737517
0.659887	-0.365049
0.813259	-0.149496
1.14052	-0.545564
0.915458	-0.23778
0.784646	-0.181216
1.1436	-0.60987
1.10467	-0.948247
1.90524	-1.63121
1.68955	-1.276
1.79639	-1.50954
1.70635	-1.41142
1.68618	-1.51349
1.5514	-1.58768
1.17735	-1.17464
0.987954	-1.10328
0.667494	-0.829585
0.630537	-0.531927
0.635064	-0.721
0.910759	-0.814728
0.715125	-0.34912
0.670849	-0.0477834
0.325969	0.228942
0.376594	0.22917
0.433537	0.294809
0.0724326	0.0870366
1.39087	-1.16893
1.26533	-0.728543
1.33408	-0.892061
1.35022	-0.757668
1.8714	-1.26476
2.01568	-1.511
1.90408	-1.23172
1.99844	-1.20794
1.74858	-0.901512
1.62494	-0.852827
1.54949	-1.05305
1.22917	-0.778629
1.03992	-0.721426
1.06954	-0.498085
0.935662	-0.381259
0.72837	-0.31803
1.28956	-0.793231
1.45538	-1.09194
0.920388	-0.929169
1.09498	-0.780798
2.67447	-3.12985
2.81238	-3.4115
1.76024	-1.93168
2.75295	-3.40998
2.28689	-2.56066
2.12202	-2.26732
1.7464	-1.80345
2.01682	-2.2088
2.00696	-2.218
1.95392	-2.16553
2.26972	-2.56337
2.20809	-2.57488
2.22574	-2.56046
2.32547	-2.66352
2.77404	-3.22842
2.53189	-2.8605
2.65457	-3.19422
2.33554	-2.67251
2.17266	-2.36898
2.35841	-2.52127
2.48925	-2.5746
1.9753	-2.17699
1.21186	-1.7079
0.618839	-1.43727
0.371817	-1.31012
0.257453	-1.0435
0.15355	-0.891014
0.350572	-0.991112
0.240719	-1.00082
0.244025	-0.98565
0.272939	-0.818896
0.601061	-0.697958
0.412979	-0.462878
0.0359197	-0.0574758
0.10152	0.130449
0.305695	0.330406
0.349696	0.387192
0.435101	0.711236
0.336258	0.530426
0.220288	0.137402
0.557093	0.479214
0.361736	0.521335
0.518894	0.630728
0.421041	0.506491
0.363812	0.481422
0.416989	0.165216
0.293379	-0.0011202
0.440281	0.455364
0.142262	0.464065
0.331121	0.331367
0.511043	0.610525
0.364983	0.306396
0.425667	0.502977
0.667138	0.36255
0.587428	0.0945201
0.877273	-0.0340969
0.828973	-0.0596112
0.874375	-0.0308512
0.968786	-0.223739
1.14438	-0.35156
1.46147	-1.03369
2.96263	-3.14265
3.41284	-3.82792
3.49815	-3.9992
2.81926	-3.10247
2.99749	-3.42207
2.70559	-2.98268
2.53205	-2.66441
2.21704	-2.18238
1.81437	-1.27134
1.19788	-1.06765
1.21674	-0.411334
1.08313	-0.911812
3.00011	-2.77827
1.78687	-1.14207
1.17453	-0.353175
2.50246	-1.70134
3.06894	-2.6971
3.28364	-3.26171
2.56726	-1.98762
3.45163	-3.44641
3.1402	-3.09921
2.93512	-2.69876
3.21244	-3.18918
2.83232	-3.08907
2.82334	-3.58358
2.4191	-2.88891
2.0664	-2.39812
2.10266	-2.45686
2.3545	-2.53976
2.70942	-2.71662
2.09155	-1.27905
2.32628	-1.48849
1.87865	-0.934261
1.81263	-0.836354
1.61019	-0.628767
1.44642	-0.536132
1.36315	-0.353191
1.12936	-0.187048
1.04924	-0.246476
1.08722	-0.264168
0.996683	-0.27109
0.867359	-0.0978663
0.847482	-0.0616922
0.90602	-0.0814891
0.865834	-0.00953803
1.08544	-0.255316
1.01455	-0.194484
1.2643	-0.536836
1.50205	-0.660568
1.45881	-0.487491
1.81562	-0.776447
1.94367	-0.965082
2.20093	-1.33718
2.25533	-1.45338
2.37402	-1.66101
2.17345	-1.32971
3.38897	-3.33548
2.25787	-2.40195
2.72199	-3.38379
2.19608	-2.58314
2.53937	-3.18458
2.36276	-2.94416
2.38328	-2.94556
2.1256	-2.39836
2.00826	-2.17444
1.83027	-1.90837
1.63006	-1.33507
0.924042	-0.890653
0.974588	-0.656871
1.09578	-0.800486
2.35602	-2.24296
1.72982	-1.18792
0.191009	-0.344914
0.201921	-0.591977
-0.194684	-0.83025
1.03329	-0.813924
2.43159	-2.47339
2.75363	-2.83248
2.43787	-2.20853
2.9963	-2.86989
3.36776	-3.41229
3.30231	-3.3238
3.25337	-3.14725
3.10924	-3.87426
2.48237	-2.75815
2.88952	-3.50056
2.72548	-3.23952
3.33106	-3.99161
2.63476	-2.08874
3.40705	-3.29673
3.36993	-3.4643
2.61403	-2.44213
2.19143	-1.7114
2.20102	-1.58986
1.99066	-1.53577
2.11404	-1.92833
1.42572	-1.19925
1.0227	-0.668518
0.984892	-0.670965
1.12105	-0.433482
1.157	-0.501974
0.626769	-0.40345
1.27685	-1.33712
1.30978	-1.12737
1.5303	-1.0622
2.3253	-2.43328
2.63247	-2.90803
1.32697	-1.05436
1.4772	-1.25961
1.50555	-1.19317
1.54724	-1.39422
1.09672	-0.744687
0.950831	-0.417934
1.23239	-0.918512
0.90456	-0.634938
1.00995	-0.78589
0.101749	-0.180702
0.220659	-0.0961646
0.0881127	-0.18041
0.0292804	-0.0816824
-0.115512	-0.736679
-0.0459681	-0.831472
0.269787	-0.797798
1.8065	-2.27482
2.09027	-2.47371
2.33994	-2.58943
2.51133	-2.66261
2.01666	-1.53478
2.23094	-1.90025
2.03717	-1.64511
2.0956	-1.52829
2.35196	-1.7833
2.34577	-1.34827
2.00795	-1.24266
2.34254	-1.23211
2.02215	-1.32548
1.817	-1.32678
1.41576	-0.741818
1.07086	-0.624041
0.724839	-0.38402
0.659239	-0.190218
0.944824	-0.323659
0.931119	-0.38777
0.82724	-0.199415
0.967923	-0.25616
1.04222	-0.400635
0.814123	-0.109261
0.839371	-0.0151803
0.950796	-0.0351766
0.993662	-0.157067
0.727015	0.105256
0.759476	-0.00677278
0.707336	-0.0424027
1.01135	-0.478351
1.26519	-0.78719
1.04224	-0.362221
1.0825	-0.40295
1.01283	-0.320862
0.98522	-0.267038
0.777534	-0.0167447
0.961942	-0.255264
0.841773	-0.168245
1.08323	-0.410665
1.00565	-0.376088
0.990445	-0.0139916
0.975186	-0.179803
0.769256	0.104162
0.923402	-0.163111
1.01891	-0.155226
0.84396	-0.0596632
0.944017	-0.26479
0.838141	-0.394107
0.848708	-0.587747
1.47516	-1.08391
1.45349	-0.892296
2.63275	-2.50199
2.93742	-2.89938
2.74774	-2.47704
2.61241	-2.30542
2.02296	-1.37511
1.8442	-1.12061
1.71524	-0.979217
1.47329	-0.721149
1.49341	-0.684523
1.2642	-0.458397
1.21511	-0.448595
0.837368	-0.0629329
0.932753	-0.169195
0.749107	0.0715971
0.798922	-0.0915642
0.546574	0.0295182
0.283505	0.199559
0.264714	0.160589
0.352001	0.0815064
0.447779	-0.0786716
0.592512	-0.250513
0.684537	-0.494862
0.594589	-0.603031
0.489747	-0.722308
0.403708	-0.739626
0.35737	-0.764415
0.361019	-0.8348
0.418321	-0.810352
0.562909	-0.861054
0.823859	-1.00918
1.24794	-1.38767
1.90459	-2.21723
2.39019	-2.78106
2.13057	-2.40408
2.08622	-2.28015
1.55309	-1.29706
2.34634	-2.34284
2.13271	-2.29271
2.00992	-2.267
1.62239	-1.86745
1.82046	-2.08208
2.60502	-3.08906
2.54521	-3.08705
1.87312	-1.47897
2.605	-2.15273
2.29551	-1.73044
2.27215	-1.69086
2.25074	-1.63874
1.84565	-1.04937
1.81799	-1.06308
1.5962	-0.833637
1.55621	-0.898053
1.53043	-0.879693
1.45758	-0.727593
1.29626	-0.486157
0.930728	-0.188872
0.531145	-0.284243
0.429209	-0.307597
-0.441447	0.0680591
-0.207221	0.173423
-0.0439821	0.124896
0.447997	0.155628
0.561617	0.32463
0.509725	0.190702
0.732195	0.532854
0.449038	-0.114766
0.613495	-0.113572
0.808266	-0.4465
1.51418	-1.27732
2.3922	-2.39322
2.20717	-2.36876
2.66291	-3.19893
2.60149	-3.1669
2.24069	-2.68543
2.40852	-2.84486
2.38223	-2.67792
2.08403	-2.12446
1.62926	-1.51022
0.900846	-0.536916
0.827165	-0.644098
0.800204	-0.530577
0.726564	-0.273511
0.73546	-0.516577
2.58069	-2.05005
1.40025	-0.293781
1.43048	-0.329173
1.44906	-0.447196
1.59739	-0.706709
1.28142	-0.700604
-0.0275987	0.411242
-0.213001	0.161349
-0.0414015	0.186671
0.104162	0.350425
0.323208	0.339485
0.456231	0.259602
0.803245	-0.13037
0.950219	-0.337304
1.20682	-1.0611
2.09969	-2.01138
3.16051	-3.2558
2.54861	-2.04737
2.86877	-2.8007
2.23062	-1.96269
2.04636	-1.91443
1.36926	-1.1382
1.16042	-0.797969
0.920347	-0.52111
0.652166	-0.246072
1.14921	-0.627426
1.11609	-0.550021
0.890293	-0.382084
1.46605	-1.36715
1.38704	-1.10314
1.21668	-1.16405
1.3857	-1.3461
2.02735	-2.19057
1.65481	-1.55023
2.02166	-2.06934
2.56962	-2.77951
2.90543	-3.41918
2.42005	-2.58367
2.68148	-3.12235
2.69981	-3.40569
2.55236	-3.01194
2.42113	-2.72407
2.20163	-2.22328
1.13679	-1.07155
0.487497	-0.521386
-0.127022	0.0812562
-0.0439003	-0.0907881
-0.196728	0.229861
0.134327	-0.0927855
0.129988	0.380098
0.5118	0.387393
0.522206	0.071153
0.651792	-0.314932
0.408386	-0.442474
2.03978	-1.70346
2.43905	-2.08159
2.89244	-2.5082
2.73446	-1.86845
2.61989	-1.6999
2.35813	-1.63968
2.29092	-1.51472
2.11243	-1.22967
2.42252	-1.94771
1.15588	-0.575851
0.21583	-0.0553386
-0.0130049	0.315533
0.379507	0.564156
0.575585	0.774332
0.597412	0.800469
1.09038	1.12405
0.915857	0.687253
1.07506	0.716952
1.32655	0.936731
0.979303	0.503352
1.19053	0.459086
0.923588	-0.282582
1.20638	-0.674988
1.3422	-1.0802
1.12391	-1.065
1.15498	-0.872542
0.955009	-0.432155
1.20774	-0.384709
1.68125	-0.945956
2.22216	-1.70865
2.17353	-1.72124
2.71024	-2.18814
3.05317	-2.93589
2.91381	-2.77921
2.26238	-1.86715
2.08916	-1.63481
2.02224	-1.42018
1.94665	-1.21872
2.26917	-1.73422
2.3918	-1.68633
2.20061	-1.28922
2.03418	-1.08868
2.51422	-1.89335
2.00186	-1.41525
2.0182	-1.72151
2.03347	-1.77861
1.72647	-1.91236
1.70437	-1.9149
1.67161	-2.04062
1.6373	-1.54813
1.49909	-1.08193
1.76327	-1.60417
1.49616	-1.53801
1.52438	-1.81889
1.27943	-1.34211
1.52156	-1.59317
1.34345	-1.24638
0.934397	0.255664
0.846845	0.0273426
1.15474	-0.151352
1.13653	-0.091901
1.23674	-1.06332
1.84307	-1.6018
2.55142	-2.69938
2.03852	-1.89667
2.22295	-2.10167
2.21388	-1.92731
1.55542	-1.29767
2.20679	-2.56556
2.19034	-2.52328
1.9691	-2.11169
0.916736	-0.755489
1.4377	-1.31103
2.21174	-1.84565
2.50319	-1.94944
2.68045	-2.43822
2.85315	-2.67999
2.08845	-1.54042
1.38765	-1.02748
2.53138	-2.61792
2.91589	-3.1081
2.0579	-1.83047
1.41364	-0.923344
1.28283	-0.764824
0.977653	-0.545279
0.789737	-0.298958
0.625312	0.0346725
0.894118	-0.109693
0.859969	-0.181038
0.579368	-0.194183
0.434431	0.188833
1.13607	-0.419104
1.51093	-0.657168
1.41052	-0.594559
1.34887	-0.600442
1.34955	-0.796848
1.39629	-0.991086
-0.410346	0.162675
-0.464417	0.0604185
-0.20667	0.191214
-0.0803734	0.513647
0.0752449	0.366421
-0.115346	0.28836
0.731617	-0.417035
1.08818	-0.499713
1.39766	-0.669155
1.33192	-0.78031
1.20454	-0.42269
1.07374	-0.426029
1.12498	-0.765209
0.982008	-0.565343
1.03626	-0.588282
1.43237	-0.846732
2.11375	-1.51416
2.09552	-1.36645
2.13354	-1.60503
2.2658	-2.03266
2.62578	-2.74626
2.01077	-1.73632
2.00854	-1.85651
3.23197	-3.73749
3.51909	-4.12735
2.32896	-1.94257
1.65778	-1.21052
1.34326	-1.03445
1.35581	-1.0986
0.987043	-0.727915
0.940146	-0.462207
0.885515	-0.488209
1.03596	-0.790295
0.957928	-0.536576
1.33227	-0.780042
1.81032	-1.03806
1.52199	-0.776203
2.00591	-1.50621
1.78378	-1.30174
0.867546	-0.265409
0.961056	-0.489588
1.37721	-1.19166
0.829411	-0.603736
0.822599	-0.354247
0.833939	-0.125632
0.769797	-0.124251
0.735732	-0.289569
1.02998	-0.769013
2.37625	-2.48671
2.74978	-3.17985
2.1895	-2.37243
2.5893	-3.07801
2.30423	-2.62266
2.49367	-2.88977
2.60348	-2.98232
2.85485	-3.44538
2.55861	-3.26219
2.02504	-2.46383
2.23219	-2.62498
1.81537	-1.81107
1.5175	-1.32206
0.388745	-0.451722
0.494358	-0.143648
0.445626	-0.153808
0.344727	0.106807
0.557313	0.617003
0.410629	0.372311
0.37469	-0.18
1.11636	-0.596937
1.32035	-1.02877
1.32854	-1.00116
1.40936	-0.888518
2.13865	-1.50099
2.44471	-1.98005
2.90919	-2.89835
2.4789	-2.28937
2.20041	-1.89448
2.35352	-2.18712
2.01154	-1.68328
1.84212	-1.50898
1.44898	-1.08484
1.29105	-1.06946
0.924758	-0.938008
0.529173	-0.864103
0.245383	-0.844787
0.320637	-0.697193
2.56968	-3.24459
2.65401	-3.31571
2.25525	-2.71343
2.23968	-2.6183
2.05469	-2.29685
1.24607	-1.12335
1.11466	-0.982226
1.11765	-0.863786
0.931667	-0.740706
0.657688	0.0378427
0.899585	-0.144739
1.46764	-1.19979
1.79812	-1.38684
1.75312	-1.01802
1.74238	-0.921649
2.162	-1.49292
2.87231	-2.84749
2.97662	-3.38231
1.62082	-1.61828
2.28836	-2.65796
2.91873	-3.54745
2.99387	-3.34719
2.80006	-2.73642
2.60449	-2.32593
2.42388	-2.12337
2.20811	-1.9512
2.14762	-1.80149
1.87948	-1.49418
1.88496	-1.43258
2.22264	-1.76416
2.30166	-1.78897
2.06322	-1.41611
1.87874	-1.18904
2.2113	-1.80997
2.33113	-2.05693
3.02656	-3.11306
2.83955	-3.30974
2.41463	-3.01047
2.73198	-3.56478
2.38994	-2.99016
2.00237	-2.26157
0.704468	-0.78223
0.317868	-0.686995
-0.0865518	-0.709593
-0.179958	-0.788729
-0.246498	-0.901841
-0.185885	-0.956178
-0.033691	-1.00824
0.27831	-1.03473
0.778111	-1.23081
1.14199	-1.30887
1.6915	-1.70545
1.95316	-1.76308
1.94126	-1.53817
2.3867	-1.98436
2.90697	-2.80905
2.41795	-2.40325
2.35209	-2.49216
1.24296	-1.0971
2.23101	-2.38526
1.71778	-1.56455
1.49611	-1.00373
1.33525	-0.642353
1.43866	-0.685773
1.25399	-0.377628
1.26405	-0.308979
1.24643	-0.362729
1.41658	-0.709622
1.70448	-1.25942
1.85381	-1.70026
2.29531	-2.36066
2.52346	-2.66161
2.15654	-2.50571
2.36823	-2.90896
2.07136	-2.58585
2.03538	-2.51461
2.18671	-2.74089
1.61076	-1.89428
0.64365	-0.752223
-0.0646199	-0.557063
-0.108954	-0.816416
0.0374593	-1.01373
0.242678	-0.995959
0.460309	-1.01171
0.658736	-0.960786
0.805018	-0.922444
1.03273	-0.979967
1.42309	-1.26342
1.61745	-1.23325
1.08712	-0.471692
0.3804	-0.384081
0.0708639	-0.236417
0.264869	0.102158
0.197141	0.10653
0.27289	0.374549
0.620882	0.678624
0.562662	0.64659
0.544398	0.441294
0.582706	0.351379
0.610325	0.0392724
0.690758	-0.14897
0.823852	-0.42899
1.26544	-1.02545
1.683	-1.37495
1.50572	-1.52678
0.854303	-0.696404
0.922695	-0.695499
1.16244	-0.820534
1.62471	-1.36107
1.40108	-1.34513
1.38594	-1.46916
1.05841	-1.2371
1.22643	-1.59765
1.11957	-1.72893
0.731953	-1.35712
0.622772	-1.20792
0.646209	-1.23536
0.621417	-1.13564
0.834605	-1.22455
1.23691	-1.61354
1.30485	-1.39198
1.44101	-1.48813
1.40808	-1.25062
1.01311	-0.828829
1.10302	-0.620246
1.01729	-0.53185
0.918775	-0.941359
0.758097	-0.735007
1.00049	-0.702337
0.630704	-0.20343
0.865095	0.258874
0.817754	-0.436073
0.56644	-0.432249
0.518098	-0.264689
0.288079	-0.746207
0.520825	-0.89775
0.132622	-0.842539
0.460601	-1.06597
0.578234	-1.14304
0.78249	-0.932765
1.30673	-0.914593
0.721807	-0.398451
1.15221	-0.63577
0.871044	-0.269886
0.790436	-0.158798
0.945046	-0.353765
1.47786	-1.33732
1.32972	-0.91811
0.837157	0.0449671
1.22828	-0.434747
1.89902	-1.56812
2.04219	-1.67516
2.03774	-1.72825
2.16085	-1.55366
1.78445	-1.19185
2.15632	-1.49413
1.78376	-1.07835
1.93134	-1.2117
1.51607	-0.728365
1.56882	-0.828202
1.24078	-0.614323
1.13977	-0.551649
1.23193	-0.692455
1.29558	-0.533403
0.777872	-0.0990435
0.914999	-0.313241
1.08974	-0.407784
1.05586	-0.286742
0.847829	-0.244849
