DATA: 5885 x 19
Ep!
Feature 0
0.464572	rho[0][3]
-0.310677	rho[0][5]
0.288693	rho[0][2]
-0.250252	rho[0][8]
-0.234807	rho[0][9]
0.153096	rho[0][13]
0.136702	rho[0][10]
-0.113641	rho[0][7]
-0.104543	rho[0][4]
0.0906636	rho[0][17]
0.087961	rho[0][18]
-0.0795929	rho[0][12]
0.0773778	rho[0][1]
0.0621244	rho[0][16]
-0.0581756	rho[0][6]
0.0567181	rho[0][15]
0.0504171	rho[0][14]
-0.0336496	rho[0][11]

Feature 1
0.396842	rho[1][2]
-0.244946	rho[1][14]
-0.211968	rho[1][9]
-0.197978	rho[1][5]
-0.166402	rho[1][11]
-0.12289	rho[1][13]
0.122132	rho[1][3]
0.119666	rho[1][6]
-0.0986655	rho[1][10]
0.0883894	rho[1][4]
-0.0807726	rho[1][7]
0.0773778	rho[1][0]
0.0685097	rho[1][15]
0.0679966	rho[1][12]
-0.032232	rho[1][18]
-0.031504	rho[1][8]
-0.0129272	rho[1][16]
0.0112485	rho[1][17]

Feature 2
0.396842	rho[2][1]
0.334289	rho[2][3]
0.288693	rho[2][0]
-0.267425	rho[2][14]
-0.185439	rho[2][9]
-0.177398	rho[2][15]
-0.171023	rho[2][11]
0.166819	rho[2][4]
-0.16465	rho[2][12]
-0.158472	rho[2][13]
-0.153614	rho[2][10]
-0.106652	rho[2][17]
-0.0737445	rho[2][8]
0.0596061	rho[2][7]
-0.0583337	rho[2][16]
0.0510207	rho[2][5]
-0.0111216	rho[2][6]
0.00430665	rho[2][18]

Feature 3
0.464572	rho[3][0]
-0.338045	rho[3][12]
0.334289	rho[3][2]
-0.304021	rho[3][9]
-0.29902	rho[3][11]
-0.272031	rho[3][13]
0.26332	rho[3][4]
-0.25697	rho[3][14]
-0.25347	rho[3][16]
0.194053	rho[3][6]
-0.190852	rho[3][15]
0.122132	rho[3][1]
0.0370915	rho[3][8]
0.0237323	rho[3][5]
0.0179533	rho[3][18]
0.0119802	rho[3][7]
0.0028405	rho[3][10]
0.00229977	rho[3][17]

Feature 4
-0.395782	rho[4][12]
-0.375676	rho[4][14]
-0.335735	rho[4][15]
-0.327266	rho[4][13]
0.317877	rho[4][5]
0.26332	rho[4][3]
-0.225186	rho[4][17]
-0.214564	rho[4][10]
0.200776	rho[4][7]
-0.19976	rho[4][16]
-0.187688	rho[4][11]
0.166819	rho[4][2]
-0.126526	rho[4][9]
-0.104543	rho[4][0]
0.0899426	rho[4][6]
0.0883894	rho[4][1]
0.0550547	rho[4][8]
-0.020773	rho[4][18]

Feature 5
-0.481681	rho[5][13]
0.317877	rho[5][4]
-0.310677	rho[5][0]
-0.28894	rho[5][14]
-0.245628	rho[5][16]
0.241555	rho[5][8]
-0.237022	rho[5][15]
-0.197978	rho[5][1]
-0.178522	rho[5][12]
-0.16584	rho[5][18]
-0.127252	rho[5][17]
-0.113052	rho[5][10]
0.112612	rho[5][6]
-0.100905	rho[5][7]
-0.0656511	rho[5][9]
0.0510207	rho[5][2]
0.0237323	rho[5][3]
-0.0230541	rho[5][11]

Feature 6
-0.412434	rho[6][14]
-0.281118	rho[6][15]
-0.205352	rho[6][16]
-0.196888	rho[6][17]
0.194053	rho[6][3]
-0.175005	rho[6][13]
-0.160314	rho[6][8]
0.119666	rho[6][1]
0.112612	rho[6][5]
-0.111388	rho[6][18]
-0.0929408	rho[6][12]
0.0899426	rho[6][4]
0.0858984	rho[6][7]
0.0817529	rho[6][9]
-0.0581756	rho[6][0]
-0.0425778	rho[6][10]
-0.0111216	rho[6][2]
-0.00979588	rho[6][11]

Feature 7
-0.41623	rho[7][15]
-0.272685	rho[7][11]
-0.261961	rho[7][16]
-0.225664	rho[7][17]
0.200776	rho[7][4]
-0.166101	rho[7][14]
-0.122579	rho[7][9]
-0.113641	rho[7][0]
-0.100905	rho[7][5]
0.0978819	rho[7][8]
0.0858984	rho[7][6]
-0.0807726	rho[7][1]
-0.0798113	rho[7][12]
-0.0687606	rho[7][18]
0.0596061	rho[7][2]
0.0586289	rho[7][10]
0.0119802	rho[7][3]
-0.00858958	rho[7][13]

Feature 8
-0.279227	rho[8][16]
-0.266725	rho[8][10]
-0.250252	rho[8][0]
0.241555	rho[8][5]
-0.238786	rho[8][12]
-0.160314	rho[8][6]
-0.145491	rho[8][14]
-0.1377	rho[8][15]
-0.111834	rho[8][17]
-0.108111	rho[8][13]
-0.105781	rho[8][11]
0.0978819	rho[8][7]
-0.0737445	rho[8][2]
0.0550547	rho[8][4]
-0.0418083	rho[8][18]
-0.0373018	rho[8][9]
0.0370915	rho[8][3]
-0.031504	rho[8][1]

Feature 9
-0.304021	rho[9][3]
-0.234807	rho[9][0]
-0.23369	rho[9][17]
-0.211968	rho[9][1]
-0.185439	rho[9][2]
0.132322	rho[9][12]
-0.12688	rho[9][11]
-0.126526	rho[9][4]
-0.122579	rho[9][7]
-0.114042	rho[9][18]
0.102601	rho[9][14]
0.0817529	rho[9][6]
-0.0656511	rho[9][5]
0.0453949	rho[9][10]
-0.0373018	rho[9][8]
-0.0370163	rho[9][16]
-0.0170983	rho[9][13]
0.00756482	rho[9][15]

Feature 10
-0.266725	rho[10][8]
-0.250298	rho[10][18]
-0.214564	rho[10][4]
0.176104	rho[10][13]
-0.153614	rho[10][2]
-0.146997	rho[10][12]
0.136702	rho[10][0]
-0.113052	rho[10][5]
-0.0986655	rho[10][1]
-0.0702133	rho[10][16]
0.0586289	rho[10][7]
0.0453949	rho[10][9]
0.0428549	rho[10][11]
-0.0425778	rho[10][6]
-0.0331873	rho[10][17]
-0.00582545	rho[10][15]
0.00531557	rho[10][14]
0.0028405	rho[10][3]

Feature 11
-0.29902	rho[11][3]
-0.272685	rho[11][7]
0.233627	rho[11][12]
-0.187688	rho[11][4]
0.181999	rho[11][16]
-0.171023	rho[11][2]
-0.166402	rho[11][1]
0.157734	rho[11][14]
-0.147444	rho[11][18]
-0.12688	rho[11][9]
-0.105781	rho[11][8]
0.0428549	rho[11][10]
0.0394728	rho[11][15]
-0.036537	rho[11][13]
-0.0336496	rho[11][0]
-0.0230541	rho[11][5]
0.0201798	rho[11][17]
-0.00979588	rho[11][6]

Feature 12
-0.395782	rho[12][4]
-0.338045	rho[12][3]
-0.238786	rho[12][8]
0.234317	rho[12][13]
0.233627	rho[12][11]
0.231528	rho[12][15]
-0.178522	rho[12][5]
-0.16465	rho[12][2]
-0.146997	rho[12][10]
0.132322	rho[12][9]
0.13142	rho[12][16]
-0.105288	rho[12][18]
-0.0929408	rho[12][6]
0.0918269	rho[12][17]
-0.0798113	rho[12][7]
-0.0795929	rho[12][0]
0.0679966	rho[12][1]
0.0590434	rho[12][14]

Feature 13
-0.481681	rho[13][5]
-0.327266	rho[13][4]
0.315342	rho[13][14]
-0.272031	rho[13][3]
0.268817	rho[13][16]
0.234317	rho[13][12]
0.176104	rho[13][10]
-0.175005	rho[13][6]
-0.158472	rho[13][2]
0.153096	rho[13][0]
-0.12289	rho[13][1]
-0.108111	rho[13][8]
0.0933219	rho[13][18]
0.0909669	rho[13][15]
0.0485102	rho[13][17]
-0.036537	rho[13][11]
-0.0170983	rho[13][9]
-0.00858958	rho[13][7]

Feature 14
-0.412434	rho[14][6]
0.400183	rho[14][15]
-0.375676	rho[14][4]
0.315342	rho[14][13]
-0.28894	rho[14][5]
-0.267425	rho[14][2]
0.258049	rho[14][17]
-0.25697	rho[14][3]
-0.244946	rho[14][1]
0.167855	rho[14][16]
-0.166101	rho[14][7]
0.157734	rho[14][11]
-0.145491	rho[14][8]
0.102601	rho[14][9]
0.0645601	rho[14][18]
0.0590434	rho[14][12]
0.0504171	rho[14][0]
0.00531557	rho[14][10]

Feature 15
-0.41623	rho[15][7]
0.400183	rho[15][14]
0.368284	rho[15][16]
-0.335735	rho[15][4]
-0.281118	rho[15][6]
-0.237022	rho[15][5]
0.231528	rho[15][12]
0.219978	rho[15][18]
-0.190852	rho[15][3]
-0.177398	rho[15][2]
0.16632	rho[15][17]
-0.1377	rho[15][8]
0.0909669	rho[15][13]
0.0685097	rho[15][1]
0.0567181	rho[15][0]
0.0394728	rho[15][11]
0.00756482	rho[15][9]
-0.00582545	rho[15][10]

Feature 16
0.368284	rho[16][15]
0.319088	rho[16][17]
-0.279227	rho[16][8]
0.268817	rho[16][13]
-0.261961	rho[16][7]
-0.25347	rho[16][3]
-0.245628	rho[16][5]
-0.205352	rho[16][6]
-0.19976	rho[16][4]
0.181999	rho[16][11]
0.167855	rho[16][14]
0.13142	rho[16][12]
0.0993427	rho[16][18]
-0.0702133	rho[16][10]
0.0621244	rho[16][0]
-0.0583337	rho[16][2]
-0.0370163	rho[16][9]
-0.0129272	rho[16][1]

Feature 17
0.319088	rho[17][16]
0.276019	rho[17][18]
0.258049	rho[17][14]
-0.23369	rho[17][9]
-0.225664	rho[17][7]
-0.225186	rho[17][4]
-0.196888	rho[17][6]
0.16632	rho[17][15]
-0.127252	rho[17][5]
-0.111834	rho[17][8]
-0.106652	rho[17][2]
0.0918269	rho[17][12]
0.0906636	rho[17][0]
0.0485102	rho[17][13]
-0.0331873	rho[17][10]
0.0201798	rho[17][11]
0.0112485	rho[17][1]
0.00229977	rho[17][3]

Feature 18
0.276019	rho[18][17]
-0.250298	rho[18][10]
0.219978	rho[18][15]
-0.16584	rho[18][5]
-0.147444	rho[18][11]
-0.114042	rho[18][9]
-0.111388	rho[18][6]
-0.105288	rho[18][12]
0.0993427	rho[18][16]
0.0933219	rho[18][13]
0.087961	rho[18][0]
-0.0687606	rho[18][7]
0.0645601	rho[18][14]
-0.0418083	rho[18][8]
-0.032232	rho[18][1]
-0.020773	rho[18][4]
0.0179533	rho[18][3]
0.00430665	rho[18][2]

